,prob,pred,actual,test_commit
0,0.1,0,0,0014f2c828dae5f9481a2bac68fe90a7857b2f59
1,0.08333333333333333,0,0,0044a90a7409c5b004cc2d0cc56f6afeaf54ccf9
2,0.08,0,0,006fea117307460544492a3548203a9ef31f34ba
3,0.0033333333333333335,0,0,00a4f63f373af0b87c9c4ba8671720bb8324c80a
4,0.62,1,1,00dd97c7e9a852f4abd6e8460a0d094c01d3d0ba
5,0.15666666666666668,0,0,00f66513690153125713fa4c48907387d8321b4a
6,0.09,0,0,00ff9367f25d34ea43aceb40a6146d8d53e5c06f
7,0.5933333333333334,1,1,010bd1f392e67a6fcd276593b8c79acfe41d1cc7
8,0.1,0,0,010e9dbd124060a6f75722aa146fde0f3ff69ab7
9,0.09,0,0,010f8b14041090fe8a1ea57956b8d66dc382ecfe
10,0.18,0,0,02075a5a19b4ef85a78b4b5a097cd32b50a307fb
11,0.0,0,0,021b4d576c834c120c8e54df4691a49880261f14
12,0.21,0,0,022a4da0507924f57b563e7a5a09ea9d01e63c0e
13,0.17,0,0,0239429c193f89444a9086d2d2c876cf06ed701b
14,0.19666666666666666,0,1,02797aab3c78961c0cf100df4367df61654bedc1
15,0.6533333333333333,1,1,028cca90c7c5e2b17205740d9198cbb443e6a2b2
16,0.05,0,0,02c7cd97fa4b8a81f0795be757bd99a29a037795
17,0.01,0,0,0356446d752bc5c5d408766951ccf22bec4af9fb
18,0.10333333333333333,0,0,03a331cdfe492cb7a9d531021b444384a27bdd56
19,0.016666666666666666,0,0,03fc7f654d2001bc8e38eaa9b643c7a77992af93
20,0.06,0,0,0414446063101bf2931f1c9cf568bf3c46488363
21,0.07666666666666666,0,0,041e325dd03cbe5874770708f8e3f2b4a73d756c
22,0.4033333333333333,0,1,046c4ed223f0a60ade90b0fff92625ab7e6a6ab2
23,0.5,0,1,0493c803ae9612f87ed028e1a39e880aead5bdcb
24,0.16,0,0,04986f2f0c4a570c1cb786aa69a5608620108e50
25,0.13666666666666666,0,0,04a1834dc42fdb6fe19d5115ec6705ebb897aa03
26,0.0033333333333333335,0,0,04c08dfa21e11753984bfa5d874a97ea66ba7712
27,0.10666666666666667,0,0,04ca11bd4cf43b4332c02a15edd506868031168a
28,0.043333333333333335,0,0,04e333f78ec8f22cdc0f0ab8701ae6a277bacbd5
29,0.19,0,0,05130daeaa490070c52499c9fac26dd16c38074d
30,0.16333333333333333,0,0,053cd092b1666455907427732f455bf28132a316
31,0.12666666666666668,0,1,05691c2e4c69e389ec52f8083f0b1d17590aa02b
32,0.023333333333333334,0,0,05f688e49fbf543a6c69c0f186279c6732118470
33,0.23333333333333334,0,0,0604e77654d0c7eb5fda9600e9ca604da656d856
34,0.03,0,0,060c0e12084691398a9c067aae68e93cf841f655
35,0.10666666666666667,0,0,0622868cc54569a30e6cf427a564b79d9b3669b5
36,0.52,1,1,073aa8104c30f61e5366cef5be644e3bc325c626
37,0.11,0,0,0777911704a603a8f34cb17ce2b35e5186a566b5
38,0.006666666666666667,0,0,07a8751f799ede6b3d4868d8268148f21e17a47a
39,0.15666666666666668,0,0,07d1e0468a5146cb69ab9906af4c854e871f6b8e
40,0.056666666666666664,0,0,07d85d3ee8fa034164a5fb652557b7c5f7f74c6f
41,0.03,0,0,08477750a5b3261cc69c74f0cfb7d0eefae888d6
42,0.006666666666666667,0,0,088200c24251e4550187fb012b9026919fb095e0
43,0.28,0,1,08f8773b9a4fe7fea248b4501230ebd6e6ef2fde
44,0.03666666666666667,0,0,0903603971033536751ba40df98a3c39175d3189
45,0.02,0,0,092a59a65a243bf1c96dbcf61e724c03a424373c
46,0.31333333333333335,0,0,0946017e289cc865913980dbe199106d9b152cf3
47,0.13666666666666666,0,0,0973f558561173bdc84d7f4f8eb33da9fedafac2
48,0.09333333333333334,0,0,0a1ffce72ecc1f0ac44181874f1b410ffe80bdd5
49,0.07666666666666666,0,0,0a394707bee38182d980b2ea1906c2aaa6f1c389
50,0.016666666666666666,0,0,0ab8c56a456082a8f25fe879a68b032111558536
51,0.043333333333333335,0,0,0b23bdf77d573a30a437ebaf9c6ea734d5fec9bf
52,0.3933333333333333,0,0,0b308ae4bebbe2e568c7b9ad73e141cc653a0101
53,0.17,0,0,0bfe1fd5639d1e1bb62bc8de1d868efa6214d922
54,0.14666666666666667,0,0,0c151d7d7ea00627fad182898958db55b1fef3fd
55,0.47333333333333333,0,0,0cba85cb267994018c8a0d5e40b2ed0b5a7837df
56,0.016666666666666666,0,0,0cf2935688b84bb850f73b5974a0fd15b8f2015f
57,0.12333333333333334,0,0,0d388b4effa059bd417024854d0c90f7ecf4c82c
58,0.006666666666666667,0,0,0dbfb8915484f6a7af3ae82fa9984e56a9325123
59,0.17,0,1,0e4bd7f93b9bfadcc2bb6dfaeae7bb5ee00c194b
60,0.47,0,1,0e5cb31afd4d05e2ab9f63cc27f0389ceafc67ae
61,0.006666666666666667,0,0,0e932e6b2390ee8731134cfdb1dcdea3adfc8062
62,0.043333333333333335,0,0,0eb53c035ab290c9574c1388bde59f7d05f64efc
63,0.19333333333333333,0,0,0f67835da50cb5380e199aef6a92ac7afea80768
64,0.02,0,1,0fa3f0e6da4e8f1d5d09e6797bb5eae806ece400
65,0.13666666666666666,0,0,0ff9373de6e11d7040b6b289cb3239a9ee9a924d
66,0.07,0,0,100e962bb989ea3adc8324365dd84f87634691ea
67,0.03666666666666667,0,0,101f000d3ca25761d75f626fe4379143ef5a6a70
68,0.12333333333333334,0,0,102c917be984079e53e729cc50554c96ba24f248
69,0.0,0,0,10372e7e9a1f5c04a446c1136b57c2320d2eca58
70,0.02666666666666667,0,0,10639b5b67c5c961122c59c437ddf5da02808f08
71,0.1,0,1,1090dbecfa74e97b48bb974834186860c501f7da
72,0.08666666666666667,0,0,11120aa5bbdff7d61ff9418cf6e5526e5bcba180
73,0.01,0,0,1187aa490004ee12ad76f99c04595ea75e7aef15
74,0.45666666666666667,0,0,11b9305e3f0dcff7f5f92863cfd3679fd7b6a6a3
75,0.02,0,0,121189401a97e5f471a287c453d7f2013c92477a
76,0.06333333333333334,0,0,1212f66b188bbe40ac7219908eb47af26ebf2edc
77,0.013333333333333334,0,0,1239f61c2b4ddad3087a2e4e59824fd000c5760e
78,0.36666666666666664,0,0,124c9b682651610c3d31059186401f5342a9ddcd
79,0.25,0,0,1298b1880a07596832cd981ee60e4c053efccec8
80,0.056666666666666664,0,0,12e663a8b0b253970e3bccd373d3d2f3d462f6b6
81,0.5233333333333333,1,1,132f13e5b095bdeaa0db72b151a3bf912ccfca36
82,0.31666666666666665,0,0,138f24dea3b1fa34a39eaa0e937b19657b287ccc
83,0.16,0,0,139c77c486533e6aacaebe8a8bc2a03a6feabb87
84,0.07333333333333333,0,0,13d25ed7dc0005f89a0522eff3bf5e5cda30fb07
85,0.0,0,0,13eee3d1d7b40bc334d663b7cea7c65a8f960dfe
86,0.02666666666666667,0,0,1405a6440d646524d41adfed4fc1344948e2871f
87,0.043333333333333335,0,0,14129b4af8795a28a62b69897dc5cd6602353cc9
88,0.13333333333333333,0,0,143cba56cf65201c4b519ba295cb222b0088ad0a
89,0.04,0,0,14468d07f6a1f2cb283afc90154aecf2b4c10893
90,0.006666666666666667,0,0,145759f6ed2fb7ceefa640a1a7215099746d41ba
91,0.11666666666666667,0,1,14cf5454fb7d15bbf4a1bfe2f0e75a3135430ca3
92,0.04,0,0,151a4a7548549871e5d489ee0e86e64259266ff0
93,0.24666666666666667,0,0,151fbd6d2f1e83ac6fee2f3f6a25c3414d678d78
94,0.016666666666666666,0,0,152e460a004e55dd02e6e8363401302da3bd43b4
95,0.43333333333333335,0,0,152f3cf112df09faf79e932da948c5045802b15d
96,0.013333333333333334,0,0,15442adb01d52f51299063641677cba43768a8db
97,0.4666666666666667,0,0,15962a4d13334b2265120e67ab4222b119e95c3e
98,0.03333333333333333,0,0,15cc877cc2af71135b896974f17cb4a63291a08c
99,0.0,0,0,16dc5b9b5273c36d6b9f76b96d8753a4a7d511d0
100,0.27666666666666667,0,0,1747cc366dd93534db78ca393ec8e39a7652dc27
101,0.08333333333333333,0,0,1758e866602be17f3f96a8621f8496999ca8ac9b
102,0.006666666666666667,0,0,177ad3f61268c58bbbd211d6255381fc8b85c58d
103,0.04666666666666667,0,0,17912f4c4fba270a15cab47bb68d9e30c34a69b0
104,0.27,0,1,17924af7a8b9097bdc7a9082eb99819514498d0a
105,0.27,0,1,17d131661740e452e9729d9ac8881e6fede23dd7
106,0.43,0,1,17e556acf5c33583dcb6ed34bfd5a5fd9c148c9e
107,0.05333333333333334,0,0,18108a0143df0847fe1a4b105b787ca9ca76f422
108,0.0,0,0,1849c274eef7316ea9bdcd2e2ca4788ba2d699ec
109,0.08333333333333333,0,0,188f834e0ae305df36438c9a9ad1e2a4b6e98098
110,0.6533333333333333,1,0,18917d9e0d6fe250cc3b4f7301d37a6c5f5faffb
111,0.16666666666666666,0,0,18a6f7ced0f5d2c6293ca06470a7fab45a11e833
112,0.0033333333333333335,0,0,18a9a5921c1d74e1b0b78b29000c11aa9790f3a7
113,0.15666666666666668,0,0,19558abd2b174f16d74809cd159451effc6d2ac2
114,0.32666666666666666,0,0,195e6670c47352993c920a0dd490aa7e1fb8566e
115,0.16,0,0,19804bb5c5ad8ba10fbda1bf213f698d97c137e7
116,0.46,0,1,19b54998bb5da2bf49190e22d6aa29da36d946b6
117,0.013333333333333334,0,0,19e553e1deeb8939decd1ed9554a3c6eb6770386
118,0.18333333333333332,0,1,1a094d5388b9345112e6ee18c2c56cb6858c6657
119,0.5833333333333334,1,1,1a0d17537f7f6cb6e4514fa6dbda0219949a3029
120,0.20333333333333334,0,0,1a2efbaaf89303cc5977b832b784c23ad219b0d7
121,0.013333333333333334,0,0,1a9f95329f269673efffb35ca403292f7d404333
122,0.14333333333333334,0,0,1ad5fc84936b4ad2850d1d632514cfb5b24dfd43
123,0.08666666666666667,0,0,1ae9104c7b588bdde70e174940cdbf043468c58a
124,0.10666666666666667,0,0,1b40708287808243be27b83791b7d23f8b51b194
125,0.26666666666666666,0,0,1b40765a80ba546a4b25aa6a26d2c41090b97720
126,0.44333333333333336,0,0,1b5730b42c6306e26ec5e803f3e349b203756ba8
127,0.02666666666666667,0,0,1b5fbda966f51c969f1fe13db5c070175b435b98
128,0.0033333333333333335,0,0,1b930dd669f8005d16d54acb2a4b53d640d2489f
129,0.06666666666666667,0,0,1b9961c4b6785d85e98223f576bd839c0212b3a7
130,0.03,0,0,1bbef233ffa26dd01d48fb3a2b1ae4567b8b9ba6
131,0.27666666666666667,0,0,1bf89924ba6eafc394612f9d62c1b52251825b2b
132,0.006666666666666667,0,0,1bfeca6fb74a7554ff67dba3015ec5e9f914bc35
133,0.0033333333333333335,0,0,1c04ac0ad0b1077d9d0eb2fd16b0c73a0124afe5
134,0.013333333333333334,0,0,1c40ffbf75cdb50601a89d65f87e0a6c31d80c5f
135,0.14666666666666667,0,0,1ca0a1a283c31bfee2ec699991bd3a07527e77f0
136,0.14666666666666667,0,1,1cb1449eb6561b9ec879e1779d591421b5e44424
137,0.08333333333333333,0,1,1ce493b9e4e0c381146287161ab2a3c75f1fc603
138,0.02,0,0,1d350ba53792bd7fe0fd6364a2598b893ccf061c
139,0.016666666666666666,0,0,1d38da9756124bed3cf255de1b9471313738f3d0
140,0.01,0,0,1da15a50515255675c2d280edff9774a4059b628
141,0.01,0,0,1dab66327368dab8271ee68db0c0bbb97c8d0555
142,0.37,0,0,1e1915aaaca38b5691794e0e052a42b9d95dd3c2
143,0.29,0,1,1e210c7cc9d3d8dd6b3a72112dd8395cad4dc3a9
144,0.023333333333333334,0,0,1e607c9c3f34345af4bc18b0822606015ba36596
145,0.0033333333333333335,0,0,1eb3c693b5f6f3f301047100c36c7915434f8be7
146,0.03,0,0,1f012aadba2bc13feff65cc1b494a88fa030cfab
147,0.03333333333333333,0,0,1f3ae60f9262265975ac829c673ca8173eef8e88
148,0.03333333333333333,0,0,204240222fdf63ba13d20946919549f0a3c374ad
149,0.66,1,0,204c3a30afd5c4d2f9e595a7c64b187e1a0531c2
150,0.1,0,0,20903144e307784d382b6dac5591cddec19fcaa4
151,0.02,0,0,20e46bc14796a0932405ce6ac341890bfb4352a4
152,0.25,0,0,20fb97df97cdfcbc1d98a0b1f7d94806d996e274
153,0.7433333333333333,1,1,21788e4a42118d45fbcb3649110cf6c92363d4fc
154,0.013333333333333334,0,0,21a86efef4656705a6590079e1491521a2954b47
155,0.07,0,0,21bd2b22e2a025b4419d79e9054faad1f504585e
156,0.006666666666666667,0,0,21bf6f7e4945bc7e8c303273ad10c28b6cfc8b08
157,0.0,0,0,21f415347a3f26f022427ea9c640396a4a19f4f5
158,0.11333333333333333,0,0,21f9409b2b116b44d206337b770ac0b783347101
159,0.013333333333333334,0,0,220ab5cfcbea8c500d45d3805c88f661730f7014
160,0.04666666666666667,0,0,226e46550f0dc97eb81ea05104460ca6da317b6b
161,0.0033333333333333335,0,0,229ba53a19716e4350514f9861dc474c05bb8691
162,0.03,0,0,22d22a6c9ae979117deea1c4b450252ac3c66cfe
163,0.03,0,0,22e7cbceed4730f93ee601a9955215e208e64295
164,0.4166666666666667,0,0,23037823adbbf0bfc9c6398e8d460e84d49e4e6f
165,0.17333333333333334,0,0,233b8ff70541cdcd059c8ef0e4d9dac7952adfb2
166,0.15666666666666668,0,0,2392313f562ba6a90ed1ec3fbc507862043fa44f
167,0.14666666666666667,0,0,2420cf0d7d313819540f05b7452a8e584ac2cf39
168,0.006666666666666667,0,0,24e737eb759a18c8c5cac2bce00ba8f8f7dddb46
169,0.17333333333333334,0,0,251159c90a69dfb61d9927093d5eae41cd99e2a7
170,0.043333333333333335,0,0,2562e29d0116661bd5921460b971693ce0cbe863
171,0.05333333333333334,0,0,25b75a640c6979b64d4eee62e88261101916fe50
172,0.35,0,1,265431666ac3c4b65bf74e40c170d0d62eafe242
173,0.023333333333333334,0,0,268450cddff0b0cd61c48f1160d625272ef9b2f0
174,0.03333333333333333,0,0,269bad54b6a94b01b2835707c75038d560f59cb8
175,0.18,0,0,26b7b9457a5899ecca93fd67d3879efcad4e4968
176,0.01,0,0,26b98b7b51bb21b96cdc2c77443096f4b015b8e5
177,0.37666666666666665,0,0,27330ac85c4353d9124b8788c727e1ce40f55ea8
178,0.006666666666666667,0,0,273d8765115f0936d24549db8698dbe7e8d2ec1a
179,0.16,0,0,2793f174b497b4aacf09b255380c90616518dc5f
180,0.02666666666666667,0,0,2871d329eb66b2da7eade94285d6fc39325e467f
181,0.013333333333333334,0,0,28a1e0e352d68dd115af75cafffff95db4301851
182,0.056666666666666664,0,1,28a6ef007e2faa47fd4ad0d855098945eacf2317
183,0.23,0,0,28b112975358e17827a5e8ed869ca188fc82ee42
184,0.08666666666666667,0,0,29398355ede0d8fb08c58bbf2adf0441b48c6855
185,0.02666666666666667,0,0,297855ec55bd14107564acc6e4b7f3175d2b08f0
186,0.15666666666666668,0,0,29b1b4c79360e550cc89a9736dee56576aa5b972
187,0.21333333333333335,0,0,29d037a3d3b688889e9dec62c9f6e711d8f327b4
188,0.023333333333333334,0,0,2a630f71af21334a1f3dd213205efcba1ef38ac4
189,0.16333333333333333,0,0,2a762867b2c5b67c5790d70e94c801d7d2f3f00c
190,0.38,0,1,2a7f08ae4abca51dc60a02deee06a108ad1c4dcc
191,0.023333333333333334,0,0,2adf6889233273f5bd03260d408dce91aa9c6275
192,0.13,0,0,2afb205d515a906a0df28f2376e9b3042a43daf1
193,0.57,1,1,2afff147c45f97a0809db40ad072332fb37ccd8d
194,0.44666666666666666,0,0,2b24b16976b8e4b05ae3f04ee6efa641fb515279
195,0.10333333333333333,0,0,2b24b3e00d7d7cd82219157dba15b0efa1b90923
196,0.0033333333333333335,0,0,2c94b11c40433e44c481aed6b590a563471dc358
197,0.023333333333333334,0,0,2cb93d8b3787d9d62125de7ff93dea999bd68fc6
198,0.0,0,0,2d211b66994240b2047d78b3d084d52abeac72a2
199,0.0,0,0,2de362934adc0ec8fd5cd8fb60d2bdea6c161611
200,0.01,0,0,2dfb74083d86b288f36611c36e4f1261fa5e2a43
201,0.02,0,0,2e000f35023dfe096e94e95b0673e209d93acef9
202,0.0033333333333333335,0,0,2e16b1f1e5837ed0bd10cac4fba08ed9d72a36cb
203,0.6466666666666666,1,1,2e323ba7b154c6bdb76a4c018e99004dabcb8420
204,0.09333333333333334,0,0,2e7bd74b8d23153a2af81e994101071f9b857909
205,0.17666666666666667,0,0,2ee5ac3b56cb88a0f3a3d9598e1aca4dbb539e2a
206,0.006666666666666667,0,0,2f62736e47367404ac56525689412d123d69c283
207,0.03666666666666667,0,1,2fb37ab925224076f70e147334dcd3a4db29f166
208,0.18,0,1,2fb875f79ff91fb2eb8819ce043ca7df1281168c
209,0.023333333333333334,0,0,303858b473fc62c7c47e5d4b022c970fbccd5640
210,0.24666666666666667,0,0,304df046eaaad6d64ee16898b1eaa76918e98878
211,0.12333333333333334,0,0,30b997d31953d35213ad39ddb3804d791efe5a22
212,0.01,0,0,30dc7d11c13c1075d441a72932957e26ef3355b7
213,0.056666666666666664,0,0,31169bb26fc0a39486ef6cd6a5a154d570186886
214,0.013333333333333334,0,0,314c419323ddd512babc4504ef8a4be1e04f2af7
215,0.023333333333333334,0,0,31cae6ac4025b408e5a8117f526ebb36be8dfc06
216,0.22333333333333333,0,0,31dcaecb2dfe101a383b08d83f879b3b5b8d5898
217,0.06666666666666667,0,0,31f4046323839d6c0aaa885fe7bd5920845eab30
218,0.22666666666666666,0,0,321a8396ca6e0a6896658e9ceb724f1ba796ee40
219,0.58,1,0,32372a62a89614d4ddc7f2bdc96f41c4d49bd131
220,0.20666666666666667,0,0,32a2b96bcff92c0056660a230de18dab58eabea4
221,0.11333333333333333,0,0,32d4f14c9ecaf56767a4a4c3fd7fba2e85935d98
222,0.14666666666666667,0,0,32d948124adeb4615ba141164a1c191eed11598d
223,0.13,0,0,32da7aa3d95e5a761ea33f84268ae4a842bb55c2
224,0.09,0,0,32e455282250efa385984085f1ecd8847cc6be2c
225,0.023333333333333334,0,0,334bc84483781acd7fc4ed6ebdd6732679e49667
226,0.06666666666666667,0,0,337cecd7528956f90c91f2b03f273501e30ff02d
227,0.04666666666666667,0,0,338569c7c30509bce8565272023dfd791f4e9609
228,0.15,0,0,33fc21a81526029d0c50ef82d744250ff1a99b42
229,0.32,0,0,340c35865ef32cc75612980b0c51524e0c19cfe1
230,0.13,0,0,342dbd361d5d90823758e78d865e9be6bb711bd8
231,0.03,0,0,34b30b595f95eeab929166c5729a6923d5ff97a5
232,0.056666666666666664,0,0,355a27e99b5bbe85efb2885b0f7bd2866473d58c
233,0.06333333333333334,0,1,3569168437c732d4cb33fbf3023d0c0ea85f3258
234,0.22666666666666666,0,1,35cb218adb9a370fa1013b6ef2593e9ef081461e
235,0.016666666666666666,0,0,35d865a48cbeb7b21ff68b74c39dde6639469c74
236,0.16333333333333333,0,0,36100f6f99b317ef9f10f101f7cecfb1639255a8
237,0.32,0,0,3642adadeaa5241950614884cd6500917cfa25ab
238,0.02,0,0,3645ee110c9c1d55f33a51f4fd7a158abf40b2b0
239,0.08,0,0,3666dcf76dd8cf7a22743e407343b528331130f7
240,0.0,0,0,369050f3a3f82460825edd23079f8f35334bdf14
241,0.023333333333333334,0,0,369881f0bb49d1ab63d1bfd5678c1b72a2ebe4e5
242,0.0,0,0,36ab241f7cfc0049e1bd92835a219e72ddbf94b8
243,0.11666666666666667,0,0,3718d3907893f43951781ae345ba0680479437f3
244,0.09333333333333334,0,0,37e476ba85d9643c70199db50e7c4e31fd549152
245,0.05333333333333334,0,0,388f2919147e9350fff75f68876693e473c9dbfe
246,0.13,0,0,396a0e42755af96d8b96d42ae1bcf4ae4604443d
247,0.49,0,0,39b8641fc44dc5a91ff1d4e758fb16a6d0979eea
248,0.013333333333333334,0,0,39e465386e352121e3205130e56ab70798192991
249,0.47333333333333333,0,0,3a3ad54058323b2e012748781fc00bc6d50de23a
250,0.2833333333333333,0,0,3a48c1ad3cd39283ed9e26ff0ca2b7986a2aabea
251,0.0033333333333333335,0,0,3a6898275b4a60e831853adad8937b9f04dec833
252,0.02,0,0,3a829e3543b8a346fce95f71cd51f68e7c4aae41
253,0.02,0,0,3a8b2daa461ceab51cd4642583c91b17e6fc9287
254,0.05333333333333334,0,0,3a8f314fdc3a10bccf3a5822517d78afb32e86fc
255,0.29333333333333333,0,0,3a915546507e9a5617ada90546342a9239735ff8
256,0.023333333333333334,0,0,3b1ee1f6a3425bca7f5ae98e4701b02653596946
257,0.25333333333333335,0,0,3b9489213798d6a3471fc56a7cbc096730fb03c2
258,0.22333333333333333,0,1,3bbdc70d4e1d0a8c960d7d0a7634f10b4b3163fe
259,0.21333333333333335,0,0,3bce16abeef451539b2164a0695857f4037a5af8
260,0.5833333333333334,1,0,3bda4c05855c764697015ea4bfbb9edbfc83273e
261,0.3,0,0,3bfd7bd56c1a8ebc8aff1218c52ac13b66cabb9f
262,0.05,0,0,3c7c355120a3ebe5c3f47e62176cec8cab824143
263,0.37666666666666665,0,1,3c8b8ce1013c739f8ed34053dc36ab0705f05884
264,0.01,0,0,3c9e48d1119b77428346680c2a009c44ff9bf2ce
265,0.05333333333333334,0,0,3cac4d8f7d4343516ec335017dd783a887b9c4d6
266,0.023333333333333334,0,0,3cee2c747c03a1cb45c75cb46f756e18445c5cae
267,0.05,0,0,3d0311df9e3fccf96bde34e72f8011843941ac98
268,0.0,0,0,3d4837e4e7273c509120ee1364fe73ca557a218e
269,0.0033333333333333335,0,0,3d8e5884ec6dfbac809263dfa240f5769b70dfa9
270,0.17,0,0,3d9e183d596c806527008f6eb15edc9d249cb3c0
271,0.006666666666666667,0,0,3da5e5bed917b62701ffa96034912917aeb9182b
272,0.14,0,0,3dbaa356b9d0af75f5a4102d3e881ca803c895e2
273,0.02,0,0,3e54c6c7b001e0eca61b1fedbc12cfffd26f8724
274,0.006666666666666667,0,0,3f242c9592c683076e80a5aa9360e1457f7076ec
275,0.023333333333333334,0,0,3f2f118fa4c03d9e120918afdc59472dedf9a02e
276,0.04,0,0,3fd5b61d892b2690f24a0e6948c9d306885066b8
277,0.013333333333333334,0,0,3ff74ac0756638e182499d174bc7cb6c7802bcac
278,0.013333333333333334,0,0,4081f4392096a3f96f630a9e54bd1a0c312f3d7e
279,0.09333333333333334,0,0,40a5853970cdd1555dfb5ebce81c6babf2e445da
280,0.043333333333333335,0,0,40b98d32a0ed235cc01fe85b3f6498ad3fdd8d6a
281,0.03666666666666667,0,0,40c94e7c3613fbe205d3e79beeac272aeb7b17ca
282,0.0033333333333333335,0,0,4118c54d9c81b3bfe2b475f5124f329c985d9f5f
283,0.08,0,0,41cc89afa8ed7dda76eed5669ae1306a131bbbfc
284,0.08333333333333333,0,0,4229bacc80418e6c68821cf0701fb6fc987175da
285,0.05333333333333334,0,0,42e164c32655fcde9e148501ca1bd998bb5b7cfc
286,0.07,0,0,430d3a5b94543e3b24a58d61d1497b3683ff309e
287,0.023333333333333334,0,0,437ad5af25f88788c8678d7dbd0c8826a145c884
288,0.4,0,1,43ba08d8aa38a7c0cd44e3ff90b73d6c0e33a63d
289,0.15,0,0,43bb473d004149f4d0fd6f0c7ad1a0712be3ab94
290,0.36,0,1,43bc41c31d9c8a52098560e08fc9f6d13c9675b9
291,0.29,0,0,43bf568f4833ee32a91deef0340983d5558e033b
292,0.21333333333333335,0,0,43f2492175d11a3f8ea4198e65b2a6a6b38cbbb6
293,0.19,0,0,444ad454b76cb2584a45b58c6ed4444d1bfc4530
294,0.016666666666666666,0,0,4450b95c2ffd1d708194e5e2bd777c6723c1d034
295,0.2733333333333333,0,0,44a8aba1d5da87d54db48079103fdef946666d80
296,0.023333333333333334,0,0,44f81e3377fea775ca42c63f6fcce093bdfc17b0
297,0.0033333333333333335,0,0,45402ff2ddf772e744bdb117d4c2edd4c74d8e7e
298,0.04,0,0,454dce8271cb34f187ea680e50366cecc3bbfde7
299,0.5966666666666667,1,0,4559a5f381082dba30bb535b69deeb09135da680
300,0.14,0,0,45f9c298c2a6ba3b182ce3c225d09a0bfcb7dd2d
301,0.43333333333333335,0,0,4605dff64fb2fac764e58baf397f2e6811216ec4
302,0.1,0,0,4615161964dfc40950759b509dd11650313ff53b
303,0.0033333333333333335,0,0,467b76b7a2081ffce0f1f0a52ba4d8cf7bbb53bd
304,0.27,0,0,46ce2e345bce18c2e2f645bb90aea11ca53ba825
305,0.013333333333333334,0,0,470ccb85f2ecaff38973854e209f0fabdb117dc0
306,0.016666666666666666,0,0,47384f7b56ebc4479dfb6cca02a5fe642e1f2bb0
307,0.12666666666666668,0,0,475b4a18432908c7f128a7dc88dbe652670669bd
308,0.01,0,0,476dc5efcdb11c9859b062dc69a8c205e69be861
309,0.12,0,0,477dac0373b5e84c71365d7a71b9cc41aafcb491
310,0.14333333333333334,0,0,47dcac493d1ce1f76cdc312aa16e0680118608a1
311,0.13,0,0,47e51e7521784f6a2edcfbf71a9aac0237e76e42
312,0.48,0,0,47f6ffad8291c7383d79cd987d06cb5753dad729
313,0.22,0,0,482dfeb113f1e0ff814aa1fc980d67e0c8b06d76
314,0.08,0,0,48fc6611d15aaedc68747df150480250816fc04e
315,0.006666666666666667,0,0,4944a612e0926cfe542e0cb146cc9fabf70256f6
316,0.15666666666666668,0,0,495fd24fb0a776c207c36d437cb31e0d8807774a
317,0.02666666666666667,0,0,4a1b124f358525b22aa1d7ba29ac3f504035c0ab
318,0.11666666666666667,0,0,4a24d140654db9ad769c971b3b879b462dc47616
319,0.12333333333333334,0,0,4a2915b4e389bfba0ff25583369fd75b24e19118
320,0.0033333333333333335,0,0,4aaa3b64a3ca3050ebed3d748d46facafc09413b
321,0.03,0,0,4ac268a4b620eecc4af1f4ffdc0a836d7260d126
322,0.06333333333333334,0,0,4ad95dba4fccbbc0df923dea0dc9e5c3ac9f4cc2
323,0.3566666666666667,0,1,4afaf1792de257c7ba9168d53628218706fa438a
324,0.23333333333333334,0,0,4b258aa4ac12e69d3cb8dafb0d4548a2304ad948
325,0.26666666666666666,0,1,4b8bbe572840a602719494e406b9a07febca3a6a
326,0.13,0,0,4ba82d5aa08c8715ed53955de63da70ccbaba551
327,0.05,0,0,4bd2444c988741255bda4832a544d87d9bce4474
328,0.09,0,0,4bd4f756f107f94a264d8894203c00d10af322ee
329,0.18,0,0,4c03383f21bc13caf3fed4db5aa1317d37758d5c
330,0.4,0,1,4c0a7ce5fbc83f6b33252ef726a6c7908af34882
331,0.01,0,0,4c27221d30b8388f155c8f52503a5d66ae75ee32
332,0.056666666666666664,0,0,4c4c77925c5df36643b4f91cbe3b220e3551431e
333,0.41333333333333333,0,0,4c7c0d4a7a42aef4ec50d63a27541e6e00ba3792
334,0.04666666666666667,0,0,4c86cf4b6517880b1c59d477612e061ec151ac95
335,0.01,0,0,4cec17bc86f33b0968e57e551d60c305d7d2cd41
336,0.5433333333333333,1,1,4d4627f9c213ca5d473b88bb21e611b93975074e
337,0.01,0,0,4d522b9dc2cf0c727ff65e533241a8302b68ddf8
338,0.006666666666666667,0,0,4d991cd5e3b150005de4b4b18384bb505e76ff76
339,0.03333333333333333,0,0,4da02aeabc9bb072bd33b21a1c8fb6e10cc4e262
340,0.5166666666666667,1,0,4e0a41bb61f0cb7b68cc6c67c074ad66cc6788dc
341,0.37,0,0,4e6bae7a00a1a5768a20f54f484299d7396123d5
342,0.12333333333333334,0,0,4e94ec1a0a566b66f09b734e6ffe964b4b3b4bee
343,0.12333333333333334,0,0,4ed651f918f1e3bd4a130b5ba560a4da6b1db436
344,0.03333333333333333,0,0,4ee4e75321cc163c9f5a9e0d3e159211357ca3a0
345,0.27,0,0,4f3291e3795460f0b8da5a029faa2e4a9271c8a9
346,0.36,0,0,4f4ffc91a8fc28b273660837593d925aa6892efb
347,0.16666666666666666,0,0,4fdd180b5ad0447d729236104014949dd44649d4
348,0.2,0,0,50da460869661ba63971a17c9c1b514bf22874a2
349,0.02,0,0,50edccfad29d3c602eba628fc80e46a0a67de090
350,0.10666666666666667,0,0,5131ccb57a6c8f06a455e281a7066d28caec6aad
351,0.17666666666666667,0,0,51546e79f366d14f25bb5a933a3ab0ad033e7a3d
352,0.24,0,0,5174b7f85dea42b6e0a50ee0a222637be0cea240
353,0.13333333333333333,0,1,51ec9380383ce6a7d94ccc6963bed26ca9065fce
354,0.0033333333333333335,0,0,520a5e2e5fa749cc3e505c6ae526171714cd6369
355,0.043333333333333335,0,0,52869508c81957f441128419c9ae7396715127be
356,0.14666666666666667,0,0,52b96e7b45bd3528bcf66e18b4f1491655597775
357,0.006666666666666667,0,0,5338e4a1b714622bb9fb3a957055c7800dba02bf
358,0.013333333333333334,0,0,537af54970ed16b822d5c93dbf38e52218bb78a4
359,0.013333333333333334,0,0,5427630f735381569066815605c75bccd278def8
360,0.2,0,0,544bd10b76dd0e17fa42825a26a02ccf3ab2fe60
361,0.19666666666666666,0,0,545a4976fc7896e8afee8c70661d109c464c8f44
362,0.08333333333333333,0,0,548a4ba69f4cccbca80a174e42acbb770f314457
363,0.6033333333333334,1,1,54a7345f9e945e4dd5f379040b9d47a7e9b8dc6d
364,0.07333333333333333,0,0,54b759405633e0c44303ebb8cf8b92006cd49223
365,0.05333333333333334,0,0,54f465fc63d0ded7d40704f7513d69efd986dba8
366,0.20333333333333334,0,0,556ab844c823dd364032d59ab1b61780243cbfd1
367,0.5166666666666667,1,0,557cccc4da5c334efc3d1cb8471cea7b83b59e63
368,0.14666666666666667,0,0,55bf57165beb45aaee2d3dd0695cddb18ccdf398
369,0.09333333333333334,0,0,55dcb9e7b19c5901a2aa264b27276094f2a2669f
370,0.06,0,0,5634c34f2d4e6a482e42395f6b0fc24a35ecfa61
371,0.006666666666666667,0,0,56d6f9ce860904c178ff63ab335185030b9175a5
372,0.04666666666666667,0,0,5719974e59a7c6559842dd4b9069948aa7120754
373,0.08333333333333333,0,0,5797b80578bb006a5e528d567f6a515c649eb38b
374,0.09333333333333334,0,0,57e73d374843cade854f07a228192c4f496507ff
375,0.15333333333333332,0,0,5873dbd6b19db0b6b8f69f226ffaef9efa80fcb9
376,0.013333333333333334,0,0,588aa3625da1272a1225e01ddd0f70d02f7beac9
377,0.023333333333333334,0,0,589f3f108c2edcd66de48891a92e875b7d2823c9
378,0.03,0,0,58b2ecced2491441c6dac739a7e50e8ab6be4d66
379,0.5266666666666666,1,0,58cc80a2a883a13120eadd487b55b5c3b683b5b6
380,0.13666666666666666,0,0,5974c441bd538897bd4547e6a05ee27216461d97
381,0.03,0,0,59ca8b0b44bbb2276d7e5903bfe9d14a6a26d901
382,0.3333333333333333,0,1,5a8363adacec44e84a4f6d6e4fa24680b22072eb
383,0.30666666666666664,0,1,5a8e67be491a2b4897c01aeccd584381f74bc294
384,0.21666666666666667,0,0,5a95201bf34805c38836c7b81112efe3e3aa6d8a
385,0.07,0,0,5ad1dea4daf264fe11429288597d26dc4974fe05
386,0.23,0,0,5ae7fb0a49a0072834b6a82938668cc8c962661f
387,0.0033333333333333335,0,0,5bac47ae22ff1dd1e9f1ec8617f723475281188b
388,0.47,0,0,5bf7b9be798296b08de42f4cb6295071dc299ef8
389,0.03,0,0,5c0fc495ffcb0f40294f39f3706648484cf00be0
390,0.24333333333333335,0,0,5c1c5e89fe8a288af951c75d1f54e84ef7965b9d
391,0.0,0,0,5c5d04047adbb73571ffd6692f6965b38704a56a
392,0.02666666666666667,0,0,5cf93a39dc59f1040a5118bdc74a00cb3eb3163a
393,0.11,0,0,5cfc529179302e8aefd1b255769d532881e22533
394,0.23333333333333334,0,0,5d829b550c6802b92ba71a8538f3fc7e422cf79a
395,0.20333333333333334,0,0,5dab438398f66020c205345a8dfbfc197d1acb28
396,0.056666666666666664,0,0,5dc0039c85957502db36b7da5558f9449cd03ada
397,0.06333333333333334,0,0,5e0239f93407e03f45a0514c15969509931b9c9c
398,0.02666666666666667,0,0,5e6facb73a805fb652af744779378d7bb784e495
399,0.23333333333333334,0,0,5eb852e616cb5f76258c11249cf024a7c3329fca
400,0.0033333333333333335,0,0,5f184e9d95503759b63e6e7ff124c759c31b34ea
401,0.33666666666666667,0,0,5f37044d9a851fd02d4f1d918b1c276462a76034
402,0.2966666666666667,0,0,5f3fa391ed499750ad68ad5b000b4e2e0a86978e
403,0.006666666666666667,0,0,5f6cb2f1c19687ef3a40cf6988f12b25c5269193
404,0.02,0,0,5fc1abfc64f68ed56938f275ad6d7df0ccf228e7
405,0.03,0,0,5fe218522c12c7fd7ff2e25da45a4db59e2b72ac
406,0.08666666666666667,0,0,608fbea58dd566360149f41e7f59525602c9a9c1
407,0.21666666666666667,0,1,609f01a1ddca64ec191cb15a4f6fb93d219c3336
408,0.14666666666666667,0,0,60b38f1c8279db935a45c873fb1a072209f12061
409,0.013333333333333334,0,0,60b3d3fbd12f62fd2077401c12112fc48c886246
410,0.6666666666666666,1,0,60cb0911712ad11688b4d09e5c01ac39c49f5aea
411,0.0,0,0,6142230ccf2555650dbb902a5c342a342e9b2582
412,0.15333333333333332,0,0,616b097c052f5bf59b05326ed1d2d1ae1c703dc9
413,0.12666666666666668,0,1,61bb91ff4f1927aed1a3b317edc9d5022e42a0aa
414,0.023333333333333334,0,0,61f3e208711c4f38bd38076d2af5cc96c4aa23aa
415,0.01,0,0,6241ab2a9292ba7e97034eac5f1218e90aedddc5
416,0.0,0,0,6273bab5c1d495f16f6a21614e4590142a7dfbf5
417,0.24666666666666667,0,0,628adc99b41c097b0c071087a274ded850ff7df5
418,0.48333333333333334,0,1,62cb0dc6257daac5ec9fd1a90ee5721e6543dd76
419,0.48,0,1,62d872e4cf0186f59c7902a396e2ee7a3154cbf4
420,0.05,0,0,63370ea466fb1ae4eb8f29ef5318c50a5a0356ae
421,0.14,0,0,6354b347262febb83b4e26f61cdfe0ab3dcedb4f
422,0.07,0,0,636c70c3c990d0405c7e05a428d78908dc8b4317
423,0.28,0,0,6371c091450d093595e6103b6a37b38bbbb2f921
424,0.06,0,0,6384b192b55b823d86078588f22b8bc847954aad
425,0.05333333333333334,0,0,63fc867ab709a20c3417cada12b327774bf612e6
426,0.0033333333333333335,0,0,64430da593b40186251b3de08b5ae18dcffb062b
427,0.03666666666666667,0,0,6443cfeecb9f7f9ac4ab84de27e2e0c4decf71d6
428,0.0033333333333333335,0,0,64520928932c4a884927c87b4fc0a150899f154d
429,0.023333333333333334,0,0,6489b23c9304e4e20e871a20ae6c3bb54a710507
430,0.1,0,0,64fe85d526c7a8f88193b41edd4067a6d44c0dc0
431,0.39666666666666667,0,1,6515e01f13920dba94d25eef5e4c33900c1736b4
432,0.01,0,0,65df7336994b03b12aecf9bcdafcfb0d839815f9
433,0.29,0,0,6602bbfc0854c4b014100c00e1b821f8a3190255
434,0.023333333333333334,0,0,66ce7da18603a1cb0b4f500b6abb83ca264b0ccf
435,0.16,0,0,66e1a8b47544e225721f0ccd3a33580dde337793
436,0.17666666666666667,0,0,67376d34ed6bf68b15ac87ef444887cbc27dc6b0
437,0.02,0,0,6743e4d57f2da87e947e171d884e4dcabf56a201
438,0.05,0,0,68010c2a152bf97eb8410c1550ec012caf9712df
439,0.02666666666666667,0,0,6808becda11a7682c6c56cd3b2afd55601cf1590
440,0.11,0,0,681a898101f81dbe2317a84e4496bd1e000cf527
441,0.006666666666666667,0,0,68253587f0d5a5b5f0dde63dd6036c7977e4f3d6
442,0.043333333333333335,0,0,685eae9bd007e60f12bde411fda78cae1b4d708b
443,0.19,0,0,688e05d4b000e7cbfdfa1097287a0ff398e02780
444,0.01,0,0,68ed1bcec81e173648a4a86e5f4e21abc6dcf539
445,0.58,1,1,6925bd7e00d5c39d20450bcf41e848435b6d9830
446,0.043333333333333335,0,0,6970aa883aaeba8f37cec75f3e07499c57ff702a
447,0.45666666666666667,0,0,6a080df6bd8817019d204e3142a236b7974f7656
448,0.3233333333333333,0,0,6a3e0fb136856411680c72e6c1e97d00dee6081a
449,0.72,1,0,6a6c2e3cd531ce9b6f69e75263f38c451e6c4f36
450,0.16,0,0,6ab291fb54591836ea3798ec214555e5d63e7f22
451,0.07,0,0,6acac14aaffaebd6ee00325de57a710e459e6708
452,0.06,0,0,6b532096f6c72627dccb32fa49e8045d6afbdc6d
453,0.02666666666666667,0,0,6b69e63683c49900ac24038b60123a93925401db
454,0.08333333333333333,0,0,6b706f1afc445fd69922c47d663478f3306b7d7f
455,0.10333333333333333,0,0,6b7182d8e2b9f21959222305a21cd1174ac963bc
456,0.12,0,0,6bd7a9d57e0ce45911888becaf944b0c324efdf3
457,0.02,0,0,6c31d2565be4bb838ddbf818b54ede35867629f5
458,0.21666666666666667,0,0,6c3da23f1803347130b18aa4e4817332e97606b2
459,0.04666666666666667,0,0,6c9d9ab434ba2ecfee1d556842d311390010957e
460,0.26666666666666666,0,0,6cc10d17de04a7ec19727880cd112898ca25d238
461,0.16666666666666666,0,0,6cd183a4bac7ae79bca380c960686ea33892f066
462,0.05,0,0,6cfff16f2dc22a870bfe3808a7895dfbbaa11369
463,0.02,0,0,6d0d9e288f9333d88a73f4e0f0222a0064e905e9
464,0.06666666666666667,0,0,6d14917e76a3f2084142c316a374c6755edda556
465,0.016666666666666666,0,0,6d5df44bc64561aa2e3740020d294ae04b346962
466,0.023333333333333334,0,0,6d5e991d51b9e440ab4e22d67157b9492eb50599
467,0.10333333333333333,0,0,6d650eb1fc602aa3552b20aea55c66106e04a27d
468,0.3466666666666667,0,0,6dc290a88a3240b9f454d5140ab14d499d9ab1b2
469,0.07,0,0,6dc7dedaf08de70264a00824dfd35e8e03ffb610
470,0.016666666666666666,0,0,6e2515f4db3b6b9913e252cd52237574002637f2
471,0.09,0,0,6e30bbc126a1ad4eb87e735c812832f4fcc0054e
472,0.4266666666666667,0,1,6e8a094c48dc77fdfe68c72c7a09b7819710d4b6
473,0.3566666666666667,0,0,6e93fefade26ddb6282e423af51f806a08efc8b0
474,0.06333333333333334,0,0,6eda819ca12f7f58e41fe9496f1ec1f2f471f6b5
475,0.05,0,0,6f0fecbed3a72ce052662a6bc6441d6aac6b9d1f
476,0.0,0,0,6f1eb773befe81a22bb9e2d4da87cd1da598f96e
477,0.07333333333333333,0,0,6f2010ca086a1c770017643f631322d4734facd8
478,0.08,0,0,6f57b06c7cf34de4d4a842c18d864eecbdc63f23
479,0.31,0,0,6f99449b078a1e7befc3223e5244ae6ec0e4d8cb
480,0.04,0,0,6ff9c9effe011cb7d8d5479ec8cd2f6c7f61705c
481,0.10333333333333333,0,0,70129ed19db187cc90f74abd5c93c86098d29c27
482,0.03666666666666667,0,0,702c47cbeb134840ed760c7175f09751e1b14b4d
483,0.06,0,0,705ee5e660ed10d2b306677c9db8dc68ad75bd52
484,0.01,0,0,70a5e9c3e199fd860a0fe0345d91945631840410
485,0.0033333333333333335,0,0,70aa7f90537916d374f57d8aafd408506f345e87
486,0.05,0,0,7138e5f1ee953896819762ea6ca5319399d8c754
487,0.016666666666666666,0,0,719ec5c82ac39384ec30ff2aab9b1ddea6c83f4c
488,0.46,0,0,71f3056ddf36364a9551d83d8a39a0b73e96996a
489,0.03333333333333333,0,0,72670a93ccd802e9e117aa754107440697148c78
490,0.37666666666666665,0,0,73161b06b038293dc680e8af5a37d059b67e8a82
491,0.1,0,0,7323d8751538e06bb2dba106ba394bc6e29b8b84
492,0.03333333333333333,0,0,74268d329fccea295b3a5e64f6b8637c661481c0
493,0.18333333333333332,0,0,74698ac6cb9cfd8ce69623562f8b4fe0a94a46b0
494,0.16333333333333333,0,0,74a8601916ca1cfd1e6c1778c607614f916b728d
495,0.72,1,0,74d1add5b7181b75ca4eb564028e8e07c0c48030
496,0.06333333333333334,0,0,75086a13301f20a1f459cf2dbd684bc8a06726bb
497,0.01,0,0,7540bea7e1b289782bc6a5c708ada33490ad5fb9
498,0.25333333333333335,0,0,7548cb9c47bef4d5b7f3439bdaea8811ec929eeb
499,0.05,0,0,75935ab810fa6b4c183159bae425d3285504cc91
500,0.38666666666666666,0,1,764add8bb11e2605802911bc51e3aa744787e719
501,0.023333333333333334,0,0,76588ed039114999de7d11f24377b75c3c10f8df
502,0.16666666666666666,0,0,77495cfed17f12f225e11fbc10e0f8db516dadf2
503,0.10666666666666667,0,0,775e3b02b2afbf101db22b87a1c3b189d68532e1
504,0.006666666666666667,0,0,77c90dbc960b0736a13d54f80b42f8a24667d627
505,0.02,0,0,77d415f23ec873ad71428c12ef2b31f508284bd6
506,0.2966666666666667,0,0,77e1684332cfc6e2cad1f1fc93ab5fa6caf231b9
507,0.023333333333333334,0,0,7811c8a8ffce78dc14815203858854c450f1c8f6
508,0.13666666666666666,0,0,7817d12439a4c86d3015ce8e6a74f72804fdfd24
509,0.45,0,0,78ebce99803522ceb98754f2765386f39858b627
510,0.3433333333333333,0,0,791ea7e3b7b4155257b588a2827cdd2c86735c1b
511,0.31666666666666665,0,0,794027c520935d9a6ba1475aaa128b281b924630
512,0.006666666666666667,0,0,79553f339bff5ce49458bfdd1b4905f0907216eb
513,0.41333333333333333,0,1,796716d4cc51f35a734aa1f9d70ea567c37b5a79
514,0.35,0,0,79efac44b408dc37cb932c3f68dd231700d02d91
515,0.08333333333333333,0,0,79f63f95fe81a6642f43c4ad2cb75f657e11ca3c
516,0.19333333333333333,0,0,7a02c218bbfa72671757005aa57fc0e472ef518f
517,0.03333333333333333,0,0,7a0a627d95415bcadbe5c67bc44d05dfba9038a9
518,0.06,0,0,7aabee6f76fb390faac68f8195dab4018917bae4
519,0.23,0,0,7ae701120a8940997bc4f04ea513f2b3c7e65f09
520,0.02666666666666667,0,0,7aea4d8b21013d5ef6b14111b42c4bd101789ed1
521,0.08666666666666667,0,0,7af16893514bd27be51cf5e425679ddcce07688a
522,0.04666666666666667,0,0,7b29e6973f56094a24f796cd05690f5c4211c970
523,0.31666666666666665,0,0,7b75fe7f571dd95287307f9d1138fb476a6bf721
524,0.11,0,0,7b8402ed3ba734836119441bdf1a6d6c661c8df2
525,0.0033333333333333335,0,0,7beec04415b96626534ee17cff7a130b1881b6ea
526,0.013333333333333334,0,0,7bf0db6b759f28def422594b523b55a06d25a1d5
527,0.16666666666666666,0,0,7c899c9b7750fe822a47496243ae075f9d3dc51b
528,0.15333333333333332,0,0,7c9761b3bb52788021b5bf0eb9726af833db4074
529,0.18,0,0,7d35654e0d055c8a11b92948e25b3d2042b0a25b
530,0.013333333333333334,0,1,7d408aa8db7bcec158f9ab61702a39324cc8db28
531,0.3233333333333333,0,0,7d5787d29919bc61425b0fc457ca8235f2597bea
532,0.05,0,0,7d585b2cdc5f593b293c9e3b150ebf68e547b094
533,0.01,0,0,7d8eb986772d7ba21388ef8ffd7ddf41eb47de7a
534,0.27666666666666667,0,1,7da3d24f8ad0a5cb03c6e310a3f0d176a8476423
535,0.11666666666666667,0,0,7da46dabb47ac809ccb12e2950dfa7d58119da0b
536,0.45666666666666667,0,0,7dbf9c7de23623223ef60c0566d9330797c5f87e
537,0.25333333333333335,0,1,7dcaeecfd51065cda93d2c88a24ba330efac6f73
538,0.47333333333333333,0,1,7de916f57f067c09d1a47024c3e6f4e471f725c4
539,0.07666666666666666,0,0,7df086dea76955148c7f2a63c880a8950d6b05e5
540,0.11,0,0,7e13cf73f1869599c1218cf58468c21bb22dd5bf
541,0.03333333333333333,0,0,7e18d67cc9c96a14e0ca24a41820441e41457738
542,0.04,0,0,7e4e57e05d5526e94bfe4f4807838fae8e9d5f65
543,0.13333333333333333,0,0,7eca1aed7db7d3d60192f88aaecc43f8001106ec
544,0.15333333333333332,0,0,7ed3452d10bfa51957554030425a09d029deff61
545,0.07333333333333333,0,0,7f226a7bd560fe76cfa6f2211b1694c4c6b4dd47
546,0.27,0,0,7f7d29dbbb3df7379fd9af4664c11258ead9da1a
547,0.0,0,0,7f814639eff66cf82fff466cec766987dcd4b51e
548,0.08333333333333333,0,0,7fba9a42eb5578578bd3e3e7347a314f8a631ca5
549,0.29333333333333333,0,1,7fe0934e72091d63543f9fe680835bdcf81a054e
550,0.36,0,0,7ff01fda2a307eb75baf7010ac6374197c5fa880
551,0.0033333333333333335,0,0,7ffbff485e40bc3f36542f2892877adc5241accf
552,0.006666666666666667,0,0,802af0fe04fc11bbdba3b186b08cd73d792eacfc
553,0.016666666666666666,0,0,80aa9f54d7935c21ae06da1d2b7292844beb5274
554,0.01,0,0,80bf5e5e9541359d86e12958686f2678d220dd60
555,0.19,0,0,80ffc9b8b38293c05c9d48cb615b24fd7255a850
556,0.013333333333333334,0,0,816c73e0151f5d75e591e8bf490974855037ea58
557,0.043333333333333335,0,0,816cc36fbe4e4cabdbbd685a21371c7230711998
558,0.47333333333333333,0,1,8179007c804d88595a346ad993791fd21a2a9c01
559,0.37333333333333335,0,0,818fa7e26d9e7af0fe5716755a56f7fe2f13a890
560,0.18333333333333332,0,0,81ace28111c6c4aa5a72ddf6f7a1ee8bf6e7435b
561,0.056666666666666664,0,0,825ae4430f82b01cff8664a524db18766b6cdbc1
562,0.02666666666666667,0,0,82858a1eeda1618a9b2d08bbb3aae4965dd4ab70
563,0.0033333333333333335,0,0,82cb3c03909bbb9eadeb9eeedfe17b8deb429a9c
564,0.3433333333333333,0,0,82d33f51f0fa2258f2a8d4003520af560d8bef11
565,0.016666666666666666,0,0,832a737266f799845c9fa7bdb18721bb5ecd0426
566,0.04,0,0,8372bbac08b296f632e5b743e3419d721b7abec1
567,0.7666666666666667,1,1,83e2053567eeb5649b0af8826b71b50517e17f47
568,0.043333333333333335,0,0,83ef4e36222d185b652a9b913eeb92c2bb96b70c
569,0.09666666666666666,0,0,8412c53c50b3239ff1bbc64fd22846ad2786b215
570,0.17333333333333334,0,0,8431ed454b715910b943546589b0806f5831e064
571,0.02666666666666667,0,0,846061e526b95804c377718b084f144a79f16690
572,0.07,0,0,84888d7d8a3b92cf1ebc04fa4fe121995106af6e
573,0.0033333333333333335,0,0,84dcf114056f570632cefb17eda5949243418ef0
574,0.06,0,0,84e5e69e5b19272fe32aa587bc5d8552dbc4797e
575,0.25333333333333335,0,0,84f65f387c873d7d342a56f081f7bf8025500bf9
576,0.023333333333333334,0,0,853c3ec5952607417fe53acd94004b68643c45a4
577,0.016666666666666666,0,0,855869af9b6fbde4896cc66c2df87bdaaa5e256f
578,0.006666666666666667,0,0,8582a3168a309df737a345ae8895734760ed8d57
579,0.16,0,1,85b8ef62da3ae13923ebf449da3dcb3da224adb1
580,0.06666666666666667,0,0,85b9ee6b5b74d15a6455cb6632578bea07d8eb11
581,0.45666666666666667,0,0,86487bfca695fb2dbf3e1ad435b5dcc837e3314d
582,0.2966666666666667,0,0,869b435dca27e06f4160b781d86bba708475866a
583,0.19,0,1,86be0b7fdf1af20403e0d763b86da06849bcc437
584,0.03,0,0,86eb83668511083298e6f5ecfcc80e395277e452
585,0.43666666666666665,0,1,870e984274d9e8d452e7aa383b289955b6896f28
586,0.07333333333333333,0,0,8858d4856e27f70638161633a983b5d123b04832
587,0.37666666666666665,0,0,8885c30e3a27621a9d539e9e8d54b4ad451465c4
588,0.06666666666666667,0,0,88ac5d532dfdbeeed5a5c7e295e3a5962a792e41
589,0.016666666666666666,0,0,88b89b12aac0bf762dbc5479c7180aaf2ea784ab
590,0.09,0,0,88c16821097de221aa656af97446fd173b16dc68
591,0.14,0,0,88e03fdd6326abcb3a183adb53118ded69a13213
592,0.006666666666666667,0,0,88f5d2db759da394873c95b5764a0e26e00cbfa8
593,0.03,0,0,88f9bbb6e643472f9218ea88e19afc57ffab025b
594,0.06,0,0,88fab71350100ba544a0002780239042977df246
595,0.0033333333333333335,0,0,89ac0cb3e65f25374ca3af0f674e85cb2fbf9e1e
596,0.0033333333333333335,0,0,89ec5a138554e5d9bdf1d6a9f6a00d304599a87a
597,0.16,0,0,8a042e0732fbac24e412306d337c0742b681cfc2
598,0.22666666666666666,0,0,8a134759982a497118acbee328a01b00e9cb2a44
599,0.02666666666666667,0,0,8a2bf17eef4f2ad29ae1c6dbe33c967a013ef42f
600,0.043333333333333335,0,0,8a34fc3d48c467aa196f65eed444ccdc7c02f19f
601,0.07,0,0,8a4f3773ac0b3e66643dd8af964399e48da47202
602,0.02666666666666667,0,0,8ae97f24b0c806a438456170959ae527ce33ad01
603,0.3933333333333333,0,0,8b388f05195cfe6eec34ce9d52781d9f5b88ed66
604,0.013333333333333334,0,0,8b47458193d124d718afc2b615b9260df7445432
605,0.21666666666666667,0,0,8bc065ec78c6452b7207e89fe765655e181dbf04
606,0.23666666666666666,0,1,8bd8da476c9e7718cea6552e767ea51727d28418
607,0.08333333333333333,0,0,8be6b8673673c7915d6f6052a948d883c2a36d9a
608,0.11333333333333333,0,0,8c69579702c43706499f35950be8999d9fb117ea
609,0.03,0,0,8c8116f2282229b50d6922ca6006f98a1822693e
610,0.06333333333333334,0,0,8c8b00ce0268fc55d581c6484f11f7f4b1fd235c
611,0.4033333333333333,0,0,8cf394b896e3644ff51edf6a0d462501fb6e6843
612,0.0,0,0,8cf8e7c968232fe999e4dfc20541be4ff96fcee1
613,0.3566666666666667,0,1,8d985b826b459335ab89fef69c132470af066daf
614,0.006666666666666667,0,0,8defcf2de7a2dc9a8ef3e0f3e4b551ffa407eded
615,0.19333333333333333,0,0,8e2a655343c7d9612d3dcb2b7e31197a25340de9
616,0.2866666666666667,0,1,8e4eec840d504d27a3a4c640dba67b3b47e81730
617,0.06,0,0,8eb64625e52aa8a6a2046f5ac53e132e1c1ea6de
618,0.0033333333333333335,0,1,8eb7ca51c0bfda334eda8a25d599aa1d9cd21c22
619,0.02,0,0,8ed3a0aab4cc7db527a3ab0940e8cb353eb33348
620,0.20333333333333334,0,0,8eea1ae574671a157ae2d215f18635a3c8985a06
621,0.03333333333333333,0,0,8f6419301e56f7104bc9ac76dcd2ba5aeed0cb43
622,0.2633333333333333,0,0,8f8be6815e6a7d26165ee6f185821597e56cb740
623,0.51,1,0,8f965eab710690ac7f885d00d27c651e250106eb
624,0.13,0,0,902b66d3ae326b73e71bdaecd7297981a90a11c4
625,0.14333333333333334,0,0,908e5fcb70e82cbd38e49768cff524ba3cc1571b
626,0.59,1,0,90abfc6b04f1acf61e8a8b3413a90d2a12de68b8
627,0.016666666666666666,0,0,90ded87acd5db7d03e2a86e799cab5e79e196f19
628,0.01,0,0,90f305c3994f2707263ecd2acb70ff1908e20f6d
629,0.20666666666666667,0,0,90f77d71fe5815f08fe12e77e7645c6025ee0191
630,0.07333333333333333,0,0,9120a7df376108515e3beee34c53925d969cf2b5
631,0.05,0,0,9146f7b55997fdf8affb8e6475cd5739c0a8e948
632,0.01,0,0,915f49de82065a2db474893ca1c69d22a8490af7
633,0.016666666666666666,0,0,921e5835b827d85021ea256840494102594ecd46
634,0.0033333333333333335,0,0,92312f563112d74fd821eb7ddb6facc549fa4d78
635,0.01,0,0,9264d8a04accdd72fb7c70fe09e40eae99e1db37
636,0.22666666666666666,0,0,92b17a0d100d2d739c0f73eb58e87fd749fc71a8
637,0.21,0,0,92ed0d939944f6c011d6c7baadbbbed1bc23f881
638,0.7,1,1,933365a583daa5b9eabcf2397c3e7b803e7af74c
639,0.006666666666666667,0,0,93bf1a0a6e4e017d221afde32679fb4f1d6aa00f
640,0.20333333333333334,0,0,93ee2838a2937e346e78c2e3ee21f5fed478d66f
641,0.01,0,0,93fbbceec26c9fe82f9ae6b42dd4272421c38412
642,0.22666666666666666,0,0,941984e6aba8e8169bbce82bfa40bf2c827a114a
643,0.20333333333333334,0,0,9449f90d2185833281666d3b391059e783d8a7dc
644,0.12333333333333334,0,1,94560ab57d9fc23673f42017e6f2a78cb2b66b7a
645,0.11,0,0,94587d814f21fa0787dd5447c7581c2f0cfe7966
646,0.22666666666666666,0,0,9463f6f1a59d2b47edefbf9710b31cde85c9983d
647,0.03666666666666667,0,0,94783b2158e9b92d40974b9bb0738426e2162066
648,0.02,0,0,94b9e66360387d24548f165cc4c7ee67f5160a0c
649,0.52,1,0,95153e4e3eaa2738d532463a244ff923c73ec9ff
650,0.4266666666666667,0,0,9526bd611ec50f84b1a96a4b0d19eb668a8c5178
651,0.14666666666666667,0,1,9532e4ed969e47826801b14aff40dd9e356f2677
652,0.5966666666666667,1,1,953decea071ac80cc1c2e1d1411e372c7e85dbd0
653,0.04,0,0,9633697ae08bc222c07b96e777061c7d24f45273
654,0.36666666666666664,0,1,966a514821738caf7835e7781037a04454e3299d
655,0.18333333333333332,0,0,967e9675874fc2a02a585cc6f9b99175f9cd656c
656,0.30666666666666664,0,1,968c01afe7ff43346f5817e2a3adf97fd03106b1
657,0.5666666666666667,1,0,96ef263f61385f486402c50f3f3abc7e614a8b49
658,0.14333333333333334,0,0,9745a28b18e085f1fc234db044402e320bd8085b
659,0.30666666666666664,0,0,976de09b55b865f7f4cb9013e9546b430063023e
660,0.006666666666666667,0,0,97923179b300444d5c238cc6ef3c935d8ac84023
661,0.04,0,0,9795c3e9fdc1f6253f3099414e379367b50587dc
662,0.55,1,1,97a529ad8eaee80e196eb362c4e45901a96ae23c
663,0.10333333333333333,0,0,9859a572dbfefc93de69a6fddb990060e08b24e1
664,0.12666666666666668,0,0,98851c82fd9fab193e034e8fe3b13e249f3b53bd
665,0.02,0,0,98a7161f6260e4164095ba3d864584e474647f90
666,0.05,0,0,98f782f81863e0ccb67abf53cd331d4d6b5fc7de
667,0.03333333333333333,0,0,991953d79c7235e2ddab639319244a6b379a95f1
668,0.0033333333333333335,0,0,994bba6ae7156a565bd160fc8f0f8e8578c28d1b
669,0.04,0,0,996f7f949002d3d23048550b69579889f4e1c5a2
670,0.12666666666666668,0,0,99886025986b92aa3beb7666f5d9fc4851e6a591
671,0.06666666666666667,0,0,9b0ccf6125809a5a568926101a04b52ed69a269d
672,0.07333333333333333,0,0,9b4eb5bd6c1913ebc1b4f8151046a813ccfc617b
673,0.043333333333333335,0,0,9b61fdf34bee6ad9d8e28a32c4c30df243b02443
674,0.19333333333333333,0,1,9baa186ebb578205c513c94fc621e254f4c13a08
675,0.02666666666666667,0,0,9c5890cb780587a895a4ac6680dbb4306c30e56f
676,0.19666666666666666,0,0,9c8f37e6c4b28a2f5be836b43147e6dfb8518255
677,0.05,0,0,9cd407036ea932e7dd74a7f98e4b026f731eef3c
678,0.0,0,0,9cdccf36c6d8a07cfdc3ee0e974736951317005b
679,0.056666666666666664,0,0,9d328628dea9530de629f829faa569fd87e0ac90
680,0.013333333333333334,0,0,9d76b6f9f7b0430cbc368da927d5caed53f1e0c4
681,0.14,0,0,9d909371acc95fd540b827a7ecaa0df50fe66a50
682,0.11333333333333333,0,0,9dae32d60fc285d03fdb5586e3368d229485fdb4
683,0.2866666666666667,0,1,9e7933dc55ea086b3a2977d9c25ab503174ba7af
684,0.0,0,0,9f4ec1c7237b9b2070e7b6d7a6eefbdd51a36324
685,0.26,0,0,9f6070e194504cc2ca2b7f2a2aabbf91c6b81897
686,0.043333333333333335,0,0,9f643c80c6357805f591c822a2042367728c5780
687,0.01,0,0,9f7c5bf5ad38237f2adac980afb69fcdb26678a3
688,0.58,1,0,9f8cb33557ecc7c0a832610e913a56a8b8e6c524
689,0.4666666666666667,0,0,9f9b651aec7835832845e1a76a6e17b65d214f17
690,0.46,0,0,a02ef859a6f7a32d14f2809edc77cb1cb9e957f6
691,0.03666666666666667,0,0,a0474f0e4c8fb3d202c3ee9dbf091f1f8637d2da
692,0.4033333333333333,0,0,a0693a91f55b2b08a46f1396dd1a1102783df9c6
693,0.0033333333333333335,0,0,a0895f0030f6a95f7415b35b92fde871f54668b9
694,0.57,1,1,a0cbbf8e1afe6e9d6bbe29f977b2726146615447
695,0.03,0,0,a0ef5ad84f1ce3502e17215ef49c83d2738d2a84
696,0.0033333333333333335,0,0,a11f6cec92c9a93d37cdd94b7363681addabfe9e
697,0.48333333333333334,0,1,a1b8a10c569ae460a3abd86019d86c759ab6ab20
698,0.3,0,0,a1c4d0665bd6e3fd633662fb7d13b082aece08f0
699,0.16666666666666666,0,0,a1d590211760f5bf19e04d8c253c1f7cecbf46b1
700,0.10666666666666667,0,0,a1f430d30149637e07a288c70b40edd57600f8b8
701,0.34,0,0,a2059b67b207d908b1c65c78dd806b1f5e79582d
702,0.006666666666666667,0,0,a24c89e5bd103d8049068031978bf28739e1c83c
703,0.01,0,0,a29b7b58f1133a5446f0f0bbe3406f319382d979
704,0.12666666666666668,0,0,a2a4bdd0607d87448c0c4a0e4c5bbe3f3025a10c
705,0.13,0,0,a2d9645703e54623df3593a3e5629fb3ad60765e
706,0.01,0,0,a2f2a0e0d2f9516d86ef5988e083f70804c3977c
707,0.04,0,0,a342c0c55561f03205407c10b9f62ce6766cf7d3
708,0.05333333333333334,0,0,a42e40706667a0bb8c7a9b6740f853feacad9623
709,0.05333333333333334,0,0,a43d5ea900d56d26b07a9959ce1834a67d47c2ec
710,0.04666666666666667,0,0,a519752eef157aaa03c9f6169eba1ff1b5a9f1bd
711,0.13,0,0,a5371712ce67b8e769f5fc12a3048dc5d0eef3eb
712,0.16333333333333333,0,0,a539ac56f0762d4a6c0e431fa33f1706c6dee7a8
713,0.4866666666666667,0,0,a5c101da4bd6371fdc116690ef0c354868a571b0
714,0.31,0,0,a5e6ebd280a13c087596fffc14a01467a67afaec
715,0.18,0,0,a5f529d24d016d434a7ceb116bfeb9afb1660d06
716,0.4033333333333333,0,0,a60f5e9aa1650556a969bad1b403a2dd4f79d148
717,0.19,0,1,a62f01a1abe4fc49b099f0e0dfab827e5f78e80c
718,0.016666666666666666,0,1,a67bce77e12b5af7fd5fae7946c96d483ecede92
719,0.02666666666666667,0,0,a6ac8af69351cb39aa07f53e3327ff29b90383bc
720,0.016666666666666666,0,0,a72a3f4c956338b05db2c6fa958112cf5df8dcad
721,0.1,0,0,a7551a20b2f54daf952097a93126c554b91098cc
722,0.56,1,0,a79aa79b2ae1222bd8776cde10bebeefc6bc8791
723,0.07,0,0,a8024cd667b9d1a3aa5ce2fcfb6725b25ace9b6c
724,0.31,0,0,a829da8111520e38a3ce400ba35307f685dad0b2
725,0.5866666666666667,1,0,a84c910c4e4fe3e60c5fc0e8d82658e8ec8bfd1a
726,0.056666666666666664,0,0,a8ba7513705fe2a4c9d776c8833ff0f7f6d43ce4
727,0.01,0,0,a8fcc946b650305ab3dc0324f2b7e799d817dc4d
728,0.013333333333333334,0,0,a9b51ea8421939ddc1d9a964dd58a1067fc2a167
729,0.07333333333333333,0,0,a9e3784c1bc36f3d8c99b9da5518acc00528c744
730,0.06666666666666667,0,0,aa3e64f9125e4c41de90213b75b2826bfd663527
731,0.013333333333333334,0,0,aa40c8ffce9a4163341b25af043be50131bd999b
732,0.47,0,0,aa85a97ca2dcb06996ed133d864705f1dca722b1
733,0.13333333333333333,0,0,aa8938d696e6e2ecf23709f748de825dc2d07fd0
734,0.01,0,0,aae63b33f1152cf5e8e9e75ca053a0746135b773
735,0.06,0,0,ab29496714296161ce60b3cd59b85289c3f8889e
736,0.09666666666666666,0,0,ab44f97c2ee64b9897be0964e0d9fbc95026bd14
737,0.07666666666666666,0,0,abb752763345053b018a25eca932bd4193df72c1
738,0.21,0,0,abbc5353336001572290feb8d06d65094b83a7cf
739,0.06333333333333334,0,0,abc129701d0271e7838285403a662ce872479c63
740,0.05333333333333334,0,0,abc9a0d5df70ee00ba38e655a4d88ae18417f0e3
741,0.023333333333333334,0,0,ac507843970dd097bca7f7cc7b9871302ca32140
742,0.07,0,0,ac5df2277968598914aeb803f5d7b57fabe876f0
743,0.013333333333333334,0,0,ac81d9d345b233b6bf84e5b7ae48004cce153510
744,0.14,0,0,acaf9f83abe37a41a687936bb03f20cc183e5aaa
745,0.03,0,0,ace20351fa423772a5360b39fbe18f89e14496f5
746,0.19333333333333333,0,1,acebf769a41a9a55cdc6789bf4962ea64cf87773
747,0.04,0,0,ad45eb32a6be5b47b89508d3dfba409434a049e1
748,0.0033333333333333335,0,0,ade7b4f7d0ed907d87c0b906fcbf9bd5649d4c09
749,0.39,0,1,ae0f90401cc7e6af15c8c8f1c2b48708d9d8b572
750,0.10333333333333333,0,0,ae1040232dc681d718d940af11108322044a23be
751,0.29,0,0,ae6e288072f833b11c557747d354c6e5ba71a439
752,0.15333333333333332,0,0,ae779e4bf761d2fd1df85d71c412c3d963be021b
753,0.17666666666666667,0,0,af020da544ac4cf21b293d23710545ee5cdcdfa4
754,0.006666666666666667,0,0,af055f6e325ccbf6d44ee39c97dc10a6704efda4
755,0.26,0,0,af911f12fe726ae17601e2381455742882ca71e8
756,0.4533333333333333,0,0,afa4f70024be30cb1a0b84b9744f044f2532904f
757,0.04666666666666667,0,0,aff4a399ec7fc480c8359d0df40304049ff44d79
758,0.08666666666666667,0,0,b0b380fb709f6977c18cbb4b1b277cf7cb04c1eb
759,0.0033333333333333335,0,0,b0f1f1feb59bbca3196d9bba52cd32f46aa84b87
760,0.0033333333333333335,0,0,b1327095b395d83f0ba688e6e2886b18e4220ce0
761,0.04666666666666667,0,0,b15a16a36355ae927bca7395c7ae215d3b32c6d6
762,0.03333333333333333,0,0,b18b2333a98889f6a4a2fd0e859b466116ce4aac
763,0.06,0,0,b196d9626379258bd8c950b68830657f8c8d01f8
764,0.006666666666666667,0,0,b196f4be831659904d33fe1e3955eaf5224497e0
765,0.30666666666666664,0,0,b19b986a980304aa4cf9d916d81e0a2fff5007b3
766,0.08333333333333333,0,0,b22bc5d4356d118be35d4ab9bf2294cea090c82b
767,0.16333333333333333,0,0,b22c3302ccea6b4b9e685640accbfdbb2856d460
768,0.53,1,0,b2371aeff9eccbd28952dd0f568da26722dc58f7
769,0.12333333333333334,0,0,b23d2eb422eddaec0f2800a6b92f428c19f3a5f9
770,0.09,0,0,b28f74c94f7cb7f4a223725d45bb03da3ecd813c
771,0.016666666666666666,0,0,b3058b972159415831b0ecea4864606a830d63bf
772,0.03,0,0,b3257e09dbcbd87ac1c6f70a0ea255197d790835
773,0.22,0,1,b34cd7485074e52f1facac900b0460883c6460fb
774,0.023333333333333334,0,0,b372d0b63e4198f865e826d3771880d07f939f39
775,0.33666666666666667,0,1,b3c9cc504903eccbc68c441a81b0a727a83117fa
776,0.0033333333333333335,0,0,b3ee8b799cd5bd33326d8a9f8baf8f1bcf2eb20c
777,0.056666666666666664,0,0,b4523032029604df34e045d6f6777a695328cff4
778,0.4766666666666667,0,1,b46a0afc37ce2f93bcf3527593eec1097792cae5
779,0.19666666666666666,0,0,b4b126d41c4de71794ed3b601d511e15c9718af9
780,0.05,0,0,b4f15f15a10f93278e869f6ab7e776e7450000bb
781,0.43,0,0,b53a9f36234e4ff887a20ca5045710497d7491a5
782,0.38666666666666666,0,1,b53ebc7a8a25478492d89c1c12b959f1ce94cdc2
783,0.19666666666666666,0,0,b62299376a5a6ead5d547e6c00a74faf011442e5
784,0.11333333333333333,0,0,b66c3361be2095186e19b0d44e49a8b2c48f7235
785,0.30666666666666664,0,0,b68da99b22614f0207645b3df2566f6187c571d2
786,0.07333333333333333,0,0,b6dd538569ebf0f1580c8e1fadc5e0f8054c9b08
787,0.2,0,0,b71a4597e5daca229b78e3b3c357f8f3a7229a55
788,0.0033333333333333335,0,0,b73c64dbe41881096873f040df1e2e4da3227580
789,0.15,0,0,b7714e82fdbede2dfe328eaae0add07f6e2b92c5
790,0.006666666666666667,0,0,b79db19baa1d77a7fd0d0bd4edc107131d62c540
791,0.3566666666666667,0,0,b7b7cc8f67073dabe2d6c97e87b49b9ea346692a
792,0.15333333333333332,0,0,b80ad60669e88455da18bee2e1b532418639a9c2
793,0.05,0,0,b84d6237729efb9241d934e2d06d77bf9adb8471
794,0.013333333333333334,0,0,b84d71c6bcca04a47407ea8491911b8584e395bb
795,0.02666666666666667,0,0,b852f2274b9dc179ffb636091d80d1bb5e90841d
796,0.07,0,0,b856e1778d347a9044a645e9e49eb38860b069c3
797,0.41,0,1,b864a08b2aa7e7ba953dd4afce2c3042ba963ae7
798,0.3466666666666667,0,0,b89ac55c05e723731d0df01c7a6e15c7d439f7f5
799,0.0033333333333333335,0,0,b8d44405d45045d2ec58da5b452a8fab95bf0df6
800,0.006666666666666667,0,0,b8ff132629a0aab88432a8421626d69f04a82071
801,0.51,1,0,b9031fb0ad890ad45530ccfdb4ea9df8b715f111
802,0.05,0,0,b93d543d179f14b08aaa63429287780313744f70
803,0.013333333333333334,0,0,b95331589b006ac4981f9558955b294543f2c737
804,0.30333333333333334,0,1,b98704e80b030f3a7db60cf244e29521008e94f2
805,0.02,0,0,b9a2ad044c68212665c15aa49f1257cd4168c738
806,0.17,0,0,b9aac1181581b9036c98f5aa493731fdc74be7e1
807,0.01,0,0,b9f1138be0c982edcfcfb289f64c356e00dd95d0
808,0.21,0,0,ba17ee92f4110309da305fc2a80941abc997871e
809,0.16,0,0,ba21072a43183388e53f47bcdac074cb6246ed83
810,0.09,0,0,ba3fd166055e5d6b12a35f8311b5655b659f4367
811,0.02666666666666667,0,0,ba6a4a6b86c563b6f7fe506db1b133a909e9020d
812,0.023333333333333334,0,0,baadaa9842ad4ff8b637466affd3c9f2213b55ac
813,0.07333333333333333,0,0,baec89a1b09fc68d4028c4ff77431b1da17822ae
814,0.09,0,0,bb15f2b5b8f9127c1da6b26ac18b306378b3531a
815,0.05,0,0,bb4a7e007bce079b167c322228e0f37ad80f426f
816,0.05,0,0,bb67b0137e8faebc8892c9176775f02f6dbb920b
817,0.3433333333333333,0,0,bb83f1a743150779e190705d2875a2319720c60c
818,0.59,1,0,bbae95c7f3262a5107b3f178bce37bce97b78771
819,0.05333333333333334,0,0,bbd9c3d0a55b548a8a664239f82876fe6567e21b
820,0.0033333333333333335,0,0,bc0fb113af225878b4305da7d834673a6b7f5e97
821,0.22333333333333333,0,0,bc115eaa477d30826ac17986a6e45844b456e206
822,0.006666666666666667,0,0,bc1947d2e9c21c19735a9470a498234b94b8d9c4
823,0.03333333333333333,0,1,bc4c382f115c50fae1e00a64ec12869a29e34460
824,0.12666666666666668,0,0,bc79c95ed8cf6eb830dc5cd13e9d2c9550ea7dfb
825,0.32666666666666666,0,0,bc87669e9adb7a3c3b04927581dcba6c97706612
826,0.05333333333333334,0,0,bcb30fcc6675473a08c0e97eaec5fd8f15e0fb72
827,0.31666666666666665,0,0,bcb99833e7f0c628df4e0778aee4a3bcd92588b4
828,0.29,0,1,bd00f0c8c93d70a535fc46f9752c2dc12abebfb7
829,0.02,0,0,bd17bfbbfeb741affd73d6a7f7a1018cb32db1a0
830,0.47,0,1,bd1a8482c530376acc5fedbaa46477cc003766ce
831,0.01,0,0,be019af1e9f1fc908d740122ae518505a587a114
832,0.013333333333333334,0,0,be244cefcb51c8094aff6fd0bca699cea65d048c
833,0.2733333333333333,0,0,be4102b0577937c0193703ace9ae7591197341de
834,0.4033333333333333,0,0,be96c433902da7782df1f1e471fc1c0e48bc609d
835,0.0033333333333333335,0,0,bea0006491ffb701161948c32920960a1e06fd37
836,0.07,0,0,beee11edbfdd82cd81bc9c0fd75912c167892c2b
837,0.02666666666666667,0,0,bf1b5b88792ce0505c8ea8b6b50cff1970ce42c5
838,0.006666666666666667,0,0,bf397e3c12f528f9ad537921f698dd66f6b6f031
839,0.4666666666666667,0,0,bf8bf46cbbe7428c9a12886604fe5aa10019aaec
840,0.16,0,0,bfb66019edd197141ea1462ba78dd27a2ed0e40d
841,0.6766666666666666,1,1,bff120a4775a1b1f3846a27c38d8eff4a678fd24
842,0.20666666666666667,0,0,bff8604fd27fee588facbd429aaedcf227cd5871
843,0.12333333333333334,0,0,bffa08e758e52c6bad4faae128daa0214637631f
844,0.09,0,0,bffaf03a81b2402b83c62f4effb9dfb7f6588148
845,0.39,0,0,c07be927fb9622bf2a83c03a2a1cda3bbed760b0
846,0.01,0,0,c09a14089a5ca7cd3093895ee0248876499a6d06
847,0.0,0,0,c0bbc4be369d0b20cd3c5985eb48b8ec66876804
848,0.30666666666666664,0,0,c15a794a832e0453075d363df949684c0fb86657
849,0.4766666666666667,0,0,c1827a074654d2e8d07e93945fa605ad3b6c18fb
850,0.03,0,0,c199a14039ddcde63896456ee25db68da1afcc8f
851,0.06666666666666667,0,0,c1c19b11792e8e220b11466051739ea5b4279a7a
852,0.016666666666666666,0,0,c1da47d7ce3efea1b3055f1d4a6c2b84799e8ef0
853,0.43666666666666665,0,0,c1e5e3352a71cc61ba9e7dba0d9048d8b766e2c0
854,0.09333333333333334,0,0,c283bd07725cfc0a3834ab46fd28f1da6d51bb19
855,0.32666666666666666,0,0,c36ddaf930ba309be3c127dc1836f28a8ab97c5d
856,0.0033333333333333335,0,0,c3797dc5e2532482327c5e8c94964b1d54e9c719
857,0.03666666666666667,0,0,c3b4f24883c04cd139292ecf9cee31cff43e3973
858,0.02666666666666667,0,0,c3b902f875d429ad7b9d55e3ab1df918462aa18d
859,0.006666666666666667,0,0,c3bc288d060e221e85d9d6beaa70928fcef77137
860,0.03333333333333333,0,0,c3d4a63021cbf1ce7b82db4dd8aabd71126f9a47
861,0.06,0,0,c3eb788637f21bc8887daa0bbe6784a232bf39d3
862,0.2633333333333333,0,0,c441af49814a57fdcc5482746bebbb6b80e46cd5
863,0.55,1,0,c47900064f2f3b4384cfa3fd6fe21f452514fa36
864,0.42,0,0,c47bf9bc3835d4399185376ac07920ef903d79e8
865,0.07666666666666666,0,0,c4d3c1c0349392cb5032d0fb870515f6c9e8385d
866,0.07666666666666666,0,0,c4f5761101892fa83823240eb4f878b5cabd02c3
867,0.0033333333333333335,0,0,c55273d09603cdc9f46b35de8bffa4997a44d5ae
868,0.18333333333333332,0,0,c569c6ed7a44a7bcc83a70f9911c082efc85c8e6
869,0.3933333333333333,0,0,c56d677a7313b8b29406eaebdd27e59b2c1ee927
870,0.0,0,0,c5f3a32178c09f03d617998d7b6d0559ea9e0ca3
871,0.16333333333333333,0,0,c63e0465d047413b71dd616249bbbe2efddbf0f9
872,0.043333333333333335,0,0,c656e1894918d774fa841214f2e00af8a4a66b44
873,0.01,0,0,c6a30c4bbcdb99e1eb1b6f782c39a1ef18c4ad08
874,0.043333333333333335,0,0,c6c458e6b6cd39b94f89c112c477cee9da8f7f45
875,0.21666666666666667,0,0,c6ffd875df384313e7b22214b75e00f735c06338
876,0.03333333333333333,0,0,c73d15d347ba5a973e257932ffb9d6012939e3a5
877,0.10333333333333333,0,0,c752a6609f9d32d4a4ac2d6f20dba78aae4241c4
878,0.2,0,1,c7646aa88d564694b99a569c3cdd2c7ffbbb745d
879,0.24,0,0,c77571e9199c756825d6805e5cb916973c010b64
880,0.01,0,0,c7766516b0f6df4b970c5628734ccc040f508cb8
881,0.10333333333333333,0,0,c7eae70e1fd72eacca36a4baf08325dd00957f2c
882,0.0,0,0,c82c719f9327fbeeac147c10507897216936cac8
883,0.03333333333333333,0,0,c8ad7f7c406b4684391bfd5aa0b309b4d9dafe70
884,0.06,0,0,c8b240d74e9d050eb8770095e22174d1653be8f3
885,0.10333333333333333,0,0,c8b28ba4f42c22df63d6b086166e5a7f59b82e8e
886,0.006666666666666667,0,0,c8de988a8d8f695d32cacb088ff4bc8b5bb6c2fc
887,0.13333333333333333,0,0,c8f072051163074e01426a6c19d42ad617e68c4a
888,0.08,0,0,c8f0a545bfafdc72bae0a43df78ae51835e35232
889,0.13666666666666666,0,0,c927949616be6e961b2750a3dbe1935f875455fd
890,0.06333333333333334,0,0,c95162e52899618fc269fb536f6a2d3b26b7794d
891,0.44333333333333336,0,1,c9b6c15d5de4d5ee326d7a870c2b2668f7909efa
892,0.16,0,0,c9e5b98464090e59d43c653d4f5c9dde87ea6f5c
893,0.18333333333333332,0,0,ca0e7295f44235c7d64954a225a172718a074dd8
894,0.056666666666666664,0,0,cb417e2be13d061d123b448eaed7c1e4c18d6748
895,0.15,0,0,cb49e5407cc1db0cd3533b57a12ec99a7179abd7
896,0.06,0,0,cb6291add6dccdb8c70f4a5b88a84fdb720ef347
897,0.14,0,0,cc040a9c29361caa7cc02253e529c75b13fb2759
898,0.0033333333333333335,0,0,cc1839ecd2681f96f00e9154d4caa8dc61ae4859
899,0.4033333333333333,0,1,cc70e3a28df3c8492769b305d248bb4d9bf32830
900,0.44666666666666666,0,0,cc8532056bc4a099d3a22b185b8ce60e6b1d0ab7
901,0.013333333333333334,0,0,cd6d82ee4f4bb980a1e2a61977d7ef1a9d3ce54f
902,0.01,0,0,cdb2a4f6a6540e1b9b5ffa4b9be45581d3b51e94
903,0.04,0,0,cdcb64f045764017a7fba4d86207e2ec30a957f9
904,0.26666666666666666,0,1,cdf5e432de2cf1c0c5466470a6a0bccf999fcdd4
905,0.27,0,0,ce4dbbd7d5d9a1266b194ae0ae5f923697d36318
906,0.006666666666666667,0,0,cf2df80daab0df4104368ccc1a62c6e313ac6c8b
907,0.37,0,0,cf6e7ac1e4a9fdab81476741849f8100c10b9770
908,0.0033333333333333335,0,0,cf8586a8810748e927c7428c229e203a8fdf938e
909,0.5566666666666666,1,0,cf8b2a2026cf8606de0f9474bd2e1563d662b4ab
910,0.023333333333333334,0,0,cfa7a261f30b7b3158862aa6ba5916549a904f3d
911,0.02,0,0,cfe8dc42254e6f808bec61f89ea4a43504704000
912,0.17333333333333334,0,0,d00f09f2ebfa17b1b66ac080f4719f925e0777de
913,0.01,0,0,d0366b6554e250126bd1776f9f6dd80dbed6f1e4
914,0.01,0,0,d09eee32aa0ee756ce7062d61e7e006b6346fe00
915,0.27666666666666667,0,0,d0aa02485614ba8e6258c6743d03e83bc8983f2f
916,0.14333333333333334,0,0,d0c5befd00f142b2f4a046655246e047cfdc819c
917,0.013333333333333334,0,0,d0e63ed69a5d9bfcd10b8edfe8b87cba7592c63c
918,0.02666666666666667,0,0,d13342409fe1ce981d996e02f48eddf4abc35d6b
919,0.6133333333333333,1,1,d143540ad1b69ec93c2b7bfadd1f654c4d8c7a34
920,0.11,0,0,d15830883eba4b8fb64e0e4760a217ff832f288f
921,0.01,0,0,d17a741857f0bb03081806984d6fef3182661a46
922,0.12666666666666668,0,0,d18b6d8d5d6ca8c0adf3b98b488042c49394a072
923,0.04666666666666667,0,0,d23a96c4b26252f03007de8cfeaebe9aa641babe
924,0.03333333333333333,0,0,d281149ea0f860c7c862f7897710d2e1fcb681e7
925,0.04666666666666667,0,0,d2a81315316a95dbb6888f778e4f207582c626c3
926,0.04,0,0,d2b51dd2b66afc796f297ba73ea438ce5b66ec98
927,0.02,0,0,d2c36a81ecdc9b01dad457b9f7a4b6d117033a59
928,0.16666666666666666,0,0,d2c99f080ad2ee03c380b58b9fbac51cf16a57eb
929,0.09,0,0,d2dba73afd1fd7319b4f7e089ef81b3813995651
930,0.016666666666666666,0,0,d35e558b9347761b31eb311173e57eabe0f2fa4c
931,0.07,0,0,d368afbc74924bb865c90c984a7c5e978fb9473e
932,0.31666666666666665,0,0,d39137fa27cb175ba22f3af4ef06a93684b9d86b
933,0.02666666666666667,0,0,d3b62c1b49e4dc05d266ce679724c236456f863d
934,0.02666666666666667,0,0,d48dd03e4278ef3d6ed50521f595254167726d3c
935,0.06,0,0,d4a7eabec0efc22c568d476b2237367d51a5025f
936,0.043333333333333335,0,0,d4f151214ee7db8bd1e40258206a79ce3aee75cb
937,0.0,0,0,d5067017f0509129d8d3e41aeff5d7c2a634643e
938,0.30333333333333334,0,0,d518c8f39ef7b39cf4508c41e163d1cc89a5571d
939,0.013333333333333334,0,0,d53fac12cd0540fac1bf42e70b6ae70b4fcc0620
940,0.24333333333333335,0,1,d58b4fd21304ec2f4e8445ca20cbad1518cae044
941,0.32,0,0,d597993a07eff1b8b88b11e7dc44edaf177067b8
942,0.03333333333333333,0,0,d63a7012d221753de71dd2c3fd8c1dcde15a33c3
943,0.07,0,0,d65425453d215ad64e2bf31b66a3b613c6e7f879
944,0.16333333333333333,0,0,d6935af9b3cdf73cc5dac2006d76a95e4c6cb35e
945,0.23333333333333334,0,0,d6c527bb6b0ee63fc07b91855fcf4e15f7a03821
946,0.22333333333333333,0,0,d6c89b5d8b77dcdac0d217cf623455735ef91f8b
947,0.01,0,0,d6f50e8476feb3c76db485fa033d0b1c22ee024d
948,0.10333333333333333,0,0,d6f84ff74af297877e65ca395856477cf6eb5ad6
949,0.17333333333333334,0,0,d73113a52c9317bef143ffc545c42054b67a49dc
950,0.08666666666666667,0,0,d759821b287398f1422af862abaf133ed23e0736
951,0.10666666666666667,0,1,d75fafa88ff3d50a1b76e0ed4fcfaf8351f00e4e
952,0.17,0,0,d77376e315127aa62ee2e80f4f0815358856bbd1
953,0.19,0,0,d7743bbdc3e992d9f9cceaeaa2919cd70b422364
954,0.013333333333333334,0,0,d819354c766fe3bc76d1bdbecde2e18515a1fd70
955,0.05333333333333334,0,0,d81d0f0074f73963340d01c07440b0a271629b29
956,0.03,0,0,d82f4f6a7cca24fa4069d3cde029f1ad798736c1
957,0.0033333333333333335,0,0,d879dc9e0d28aa203426729c6cfea48bdbfa3cfd
958,0.01,0,0,d89ec966ead61f8d90f204c157c74d5408d4cc18
959,0.19333333333333333,0,0,d8c2d0e1bc7b804b54c3060a83c7866419b247b2
960,0.09333333333333334,0,0,d8e0492ea80adae990f35930465d6e905a3be061
961,0.45,0,0,d8ffb4bf424c73babbeb5ce1c19476ba95940f94
962,0.013333333333333334,0,0,d912a5df135eb383d91277682090dfd065c8de91
963,0.2866666666666667,0,1,d93e466857f75073b243fea9901ea21b77753485
964,0.0,0,0,d95235a2372912f286f6710d5ebda15df7cf275d
965,0.023333333333333334,0,0,d99f1b4a10d4c2c918a939a4671583411a3df466
966,0.056666666666666664,0,0,d9b8a5189fa9adf4308bf492dcf6537ba2b75311
967,0.04666666666666667,0,0,d9f88f7b9e2d82ddec32d1b25ffb9e8e46c9232e
968,0.0,0,0,d9f9f42b849ec0e2bb6b2317467cbde9255331d7
969,0.04666666666666667,0,0,da1b387d36cda0297da097f1389bd382559d6fa5
970,0.23,0,0,da1fa5dc93e6e64d397e8d00769e34828669e010
971,0.35,0,0,da66de06763dd872f139491930cf1deb6a723b06
972,0.01,0,0,dab6261216dab3879c45c4e89f29627a16d8db1a
973,0.18333333333333332,0,1,dabbb1bfc567b06573b55a3e250cd3d5d98ade16
974,0.023333333333333334,0,0,db011d79ddff5a7546d73f8ae6af94faf11f3144
975,0.0,0,0,db056da98252e02ab3a10045a65b2d6a6972c6b0
976,0.11,0,0,db2a4787b447b2907e8de7f604a500c31a2d1330
977,0.09333333333333334,0,0,db4cd7f0907d48b84bd10765344436c3d2c4d5a4
978,0.11,0,0,db7798a973bb05af5d4668a9f9b20ce62e8a47af
979,0.06666666666666667,0,0,db8b10a796be9e6e0951ad231b3f857a2486c5a4
980,0.05333333333333334,0,0,db8c62a2bffa223c150049268fffa3f1c011bcd3
981,0.27666666666666667,0,0,dbee58e7bb2ed1df6bb513247ec7ac07387ff5d1
982,0.10666666666666667,0,0,dc0751ff4649d4b1ae642222704c244d5995138a
983,0.3933333333333333,0,0,dc1108ecd7835bc8e93d1556c757ed3d935bc11c
984,0.05,0,0,dc54013c130bdc8afc6bb931198d3d0bccb23ad2
985,0.54,1,1,dc8de426066969a3f0624fdc2a7b29371a2d55bf
986,0.09333333333333334,0,0,dd143a619900792a0563b9ac4fe1f78197291d94
987,0.12333333333333334,0,0,dd3f96e91581f465a52d10a212eb51b147dc38b5
988,0.06666666666666667,0,0,dd9dc366557c0eccc6e2166f5ebea1d8271cf75c
989,0.5466666666666666,1,1,de31210c05f464c4a79255de68b1a515d9b84ed3
990,0.36666666666666664,0,1,de4b5a2bba57cbd5294fb6f9527d64b8eeddf901
991,0.0033333333333333335,0,0,de5e6ea29efe02de42d95109e22bdd0039789f1b
992,0.05,0,0,dec1531f1defacfba77454c05acef229dab9bc06
993,0.37,0,1,dee13e6a3660f94cbbc143151e9d4046882f2032
994,0.05,0,0,dee4c862f241a6f12fdb6f0e7c48b32063ef6fe5
995,0.17,0,0,df03a9b9b7025a0e13d9387a74c304875dec0918
996,0.16666666666666666,0,0,df4c02f6303809e1c2627555c1ee18fff8efc3cc
997,0.27,0,0,e064a4ea750a6237dabf03202b1dcb6fa435c7f6
998,0.04,0,0,e1165ce1180bba1a11098cfacfe3c722a084dbcf
999,0.02,0,0,e12a6f61bb3d9ce2ebad4ea3aa97dc6455f692cc
1000,0.49666666666666665,0,0,e134f81d85f42b87238f7786b0b50066129c968d
1001,0.07666666666666666,0,0,e142d21b47e8895a013c468936e69ba0e7e66041
1002,0.03666666666666667,0,0,e1a54e58b507126c16c0793ba1743535ece8dd4d
1003,0.043333333333333335,0,0,e1adcee5505b79a20b7951a9b76e5198eb8e562e
1004,0.18666666666666668,0,0,e1f774e4328c82d12cd14f9806cb849ef4562653
1005,0.59,1,1,e1fdd8f9b1536c75e36dd74416dd3aad1495e203
1006,0.016666666666666666,0,0,e222585c98b2176a2e8a8b0ba2cac901491764d1
1007,0.08,0,0,e24e3510d442e4616ef570dc108b6d537777a8d8
1008,0.2966666666666667,0,0,e25c105740bb8a10ad05b188f8262af940539baa
1009,0.20333333333333334,0,0,e2b03267fd0f33e46d21d938f2d19085f4bb3e21
1010,0.0033333333333333335,0,0,e2c78fd1eb71d1dc739d166b29f423cecc1d0e28
1011,0.0033333333333333335,0,0,e3515dfe75cd980b7649b059eaa27c4871b6ddfd
1012,0.03,0,0,e3da6b07a0729db9ba5bc6b09952add79206c7e5
1013,0.5166666666666667,1,0,e3ef5214c664e44c125fd80a25418141146ff381
1014,0.14333333333333334,0,0,e4006778db0aa75da1958d0d59340e1d553e8c85
1015,0.07666666666666666,0,0,e448b2f5f7094ed64a203785221c88edd1dd88b8
1016,0.03333333333333333,0,0,e4b3874ff15b491ad02627afc00c0fc92f2eccc3
1017,0.18333333333333332,0,0,e4d52f45c65704a3c153137a3d997aa3cccd8a79
1018,0.06666666666666667,0,0,e56cb998c578ff1b6b0ba47d3f693c871db6c7fa
1019,0.5933333333333334,1,1,e5b1d5111772bb25112753d619a2aa0e1a64ba14
1020,0.006666666666666667,0,0,e63d30fc6bd4d89b4d394fcfeabb592cbe26881d
1021,0.09666666666666666,0,0,e67a27bbfde21f5086076a43ac9cd84ca30871d1
1022,0.02,0,0,e6ac12041ebe85fe9d46ab9346ae0bc9ef0a3599
1023,0.03333333333333333,0,0,e6f2e886a4246098eefae9d9a564b321b28280c2
1024,0.2,0,0,e70a9e9c7d9faaac249143b19d4bafd8004d23c2
1025,0.056666666666666664,0,0,e7787ab9c2042bb3b4f28189f7f075638c72db98
1026,0.21,0,0,e7d74ba42127978579fc0f53db19047e7b55323c
1027,0.17333333333333334,0,0,e7f3a9865e4c9e8891147421f0da7e04d69896f0
1028,0.5333333333333333,1,1,e80cf75fc0f25f6279200f59a70fd7c6e4766b0f
1029,0.056666666666666664,0,0,e96273112b5b5da58d970796b7cfce04c5030a89
1030,0.07666666666666666,0,1,e982536084681328e912db7cd5d8a6b3e0b03b21
1031,0.27666666666666667,0,0,e9a8628b01853c8254dc7fde3ef4cbdb7db369d6
1032,0.0033333333333333335,0,0,e9b627a1c8203e5316067e79ab2a008b43b97656
1033,0.16666666666666666,0,1,ea172068114cccb820f1c633b41380a83caaf778
1034,0.02666666666666667,0,0,ea29aebf7ca7f3843579d5d860d31723bd04af57
1035,0.06,0,0,eb1e9ae114eccae373157c5391d06c97eec1e0a2
1036,0.06333333333333334,0,0,eb6432361ee4946d93867e2d3f0870d892a25c66
1037,0.016666666666666666,0,0,eb917b8ca016c3d88aa22da2b358c8c506857043
1038,0.056666666666666664,0,0,ec75d1e343da744c8e033f62a4f82fea4a717539
1039,0.006666666666666667,0,0,ec76f28b9b17731825d3c6c864b5d8ee728bc79e
1040,0.01,0,0,ecaa93f9b051d806edc7b48e67eee638bf8e70cc
1041,0.0033333333333333335,0,0,ecb1f61412cbeb074ebd8ba5a123e2a55821c148
1042,0.14,0,0,ed8b4706f554e5ae5d57f6017b1fd762216dad97
1043,0.43,0,0,edd17eae6ab9101f8d780ced3b01b8eec8c663e1
1044,0.006666666666666667,0,0,ee1accfe0328c648344cc59b7b54302ba9a687f0
1045,0.14,0,0,ee2b37877d555bbd02d28606de1bb54d284698c1
1046,0.11333333333333333,0,0,ee41673bf92cf25e7d3d767d41b1694eb94d236b
1047,0.07333333333333333,0,0,ee5c3b0bb60918a7e59e89ceffbafa2f683b74fd
1048,0.043333333333333335,0,0,ee7b56fd1902a8b16d555fe4680ba146ed3a9510
1049,0.07333333333333333,0,0,eeb6f8c77f199028f15bd094a48bb0ceb490b9bf
1050,0.0033333333333333335,0,0,eed599ddd275dcb89275bf831550730d927e2b03
1051,0.22666666666666666,0,0,eef8473fa868323d4975e624341a2f1834a0ed03
1052,0.22666666666666666,0,0,efd82e0265efbbfa43ff7ebb7523790b81299882
1053,0.03333333333333333,0,0,f005a70a6f3cdee0aa0fea9c64e0c5b8bd597ba9
1054,0.01,0,0,f03f2a2e6e8745681c4336d91b070a9a338cdc62
1055,0.32,0,0,f08b67f38116fe9ee596f3c0611424f33ac423c3
1056,0.01,0,0,f0ac56b5fd2e62b0483654f7bb4381f7554e4646
1057,0.09666666666666666,0,0,f0eb25a973585e6a6cdb7c69a342fc6a38055e0d
1058,0.12,0,1,f0ff4d51057080e769407e873e5ed212f15b773d
1059,0.16666666666666666,0,0,f10279662a0775e6884bd1b58933752e6f982ca6
1060,0.043333333333333335,0,0,f10f67dcc82dc7fda5aaf546b145dad34db82f7b
1061,0.06666666666666667,0,0,f16f41b1f2be693f3b14922bd36221739dc0190e
1062,0.06,0,0,f184a386271b8305023c90186244a370727b2535
1063,0.6,1,1,f1b9ac5a542a3125d757094fccda80c80c6dd420
1064,0.03666666666666667,0,0,f1bc67c24bb3165acaf87b7bbdc48b23a8559534
1065,0.0033333333333333335,0,0,f2c3e1af9cf0ad1fbf7753cd2e5caef9bd297cb5
1066,0.0,0,0,f2c50166f94bc22f02311a9ca19ebebf26547d13
1067,0.1,0,0,f2cccd039178aae163cfc99200e537386638d02d
1068,0.023333333333333334,0,0,f2fc0929d29c5722aa479911706f2294d6876b91
1069,0.51,1,0,f3055e77efbf1e9de23996fd6d3aea3135796f3b
1070,0.27666666666666667,0,0,f3076fea667c3eef4746440b4b80e9d0603ef3a6
1071,0.02666666666666667,0,0,f342f25807442f0243011ba5fa331aacb013bcaf
1072,0.0033333333333333335,0,0,f380c9e5745ff802ea8ec4fac8346c6e4d6b5261
1073,0.25666666666666665,0,0,f3bd9f2ddf2888019d218e857393a035e7fa3692
1074,0.02,0,0,f43758602627a4eea7e958783c097010517da979
1075,0.12666666666666668,0,0,f469d4214f0d60a02a2f03edf512ad22e17432d7
1076,0.25,0,0,f48ff3c851670e6b0e005eca89566c5c970f0b77
1077,0.25333333333333335,0,0,f4c06c231a1fd2d2deae0395f0e6edf8e00d8e71
1078,0.06,0,0,f4f6464f58482fe0c1193cadddb2db56dc4a2434
1079,0.006666666666666667,0,0,f5d33051b6d9b0dd0fe08692758748ed34d50136
1080,0.21,0,0,f5e4cf8e3edd1ce0ebb8c0c7256be07d094896de
1081,0.1,0,0,f5fa0224686c259188e6b85115fa16939c20cb29
1082,0.27,0,0,f614a7ddf57a2a4c30d9410671622caca6f4e434
1083,0.016666666666666666,0,0,f6584a6f22be3f7a0c089901d417293046905989
1084,0.12,0,0,f691ebe03916a78cbf18017d628a28b17f147700
1085,0.26,0,0,f6ba144af86f7d41f6b2c6d895b557dd407f11b5
1086,0.016666666666666666,0,0,f6d384d7a2df5ba603bf7862853e9cb9fc70fcb4
1087,0.42,0,0,f6efce746d02c18de006d07cc4c160dd9ca451d2
1088,0.10666666666666667,0,0,f77ed34d097ffaa98b44fad2a39b12c938122596
1089,0.0033333333333333335,0,0,f78746062f942b30d73f2575c41dee26b3619f2f
1090,0.06333333333333334,0,0,f80e924737c0db8025aa71cad2f83f74f8ea742b
1091,0.006666666666666667,0,0,f8c9b20b2dd31d8501d26111bde4107df8bb42e7
1092,0.43666666666666665,0,0,f95bc9ba1c1c25236727bb46963cb851cf9b9758
1093,0.15333333333333332,0,1,fa16f2b68603be04cb5f4e915625181ac6c119eb
1094,0.4,0,0,fa1f7d9420150dcfa30f4197b20813fcbfd3d9e0
1095,0.006666666666666667,0,0,fa4d105e44180877dda9185bf5246b63634fcaf6
1096,0.03,0,0,fa5079c257c00b8b56138233aca5755c54db9143
1097,0.016666666666666666,0,0,fad5f257642068afa3ffb02648d9850708110889
1098,0.08,0,0,fb4c7679846c0e7a1264816c8ce461c70725cf3d
1099,0.14,0,0,fb897a6393ff446297d52267bed104fa35314ed7
1100,0.6433333333333333,1,1,fb9886b903434321e62373cb4c11ba014921e4df
1101,0.49333333333333335,0,0,fbc6b991a79a147bf1411b643f5c304062e5956a
1102,0.0,0,0,fbe692f9d727ff1f96b960794f637f26a85a61cb
1103,0.13333333333333333,0,0,fc293a750c8a83ec99d3b462b4689741c1e66a9b
1104,0.45,0,1,fc914f66502ee066f41780e10b0e659334ffd060
1105,0.07333333333333333,0,0,fc9cd6bf5a821682a91cbbe5a8110046fc6ba3f7
1106,0.06333333333333334,0,0,fce952e8fac921ef952941dcbcfebd6fe82077d1
1107,0.04666666666666667,0,0,fd7a111cbfe77decfa5adda35793aae6ac7db6ba
1108,0.15333333333333332,0,0,fd901be0c6718c26c078bb5ae85ba804b153833c
1109,0.22666666666666666,0,0,fdc775d6d52150c8314ec43ef5ab14a5b751e2c7
1110,0.10333333333333333,0,0,fe09214372f199d4cfbff76aabf76470543c26f2
1111,0.023333333333333334,0,0,fea9ebc68ffa60e732201e36eca84ea26b2e0910
1112,0.12333333333333334,0,0,fee9b2ad61bb69d356e1280f0556afd808c5f128
1113,0.03333333333333333,0,0,fefdb534e1d21c4294eb5c1c4203cffd4e57de4b
1114,0.06666666666666667,0,0,ff333a4e3e680451d4f7d4734d5947ee9eea7d0f
1115,0.20666666666666667,0,0,ff3b90522b0c6f02d71dc5fdea7092fcf498cd3a
1116,0.3566666666666667,0,0,ff6a3dc031d782d01607e28c8bd3fb5aa396bb16
1117,0.3333333333333333,0,1,ff6e64992bf40fd2ac6618cbe50b8844e35b6538
1118,0.49666666666666665,0,0,ffd5a740b823d61a8c99af91fe7f66b87772339b
