,prob,pred,actual,test_commit
0,0.13,0,0,001f865c3cd5f55ddc52c8b68ef49d6b00fe0395
1,0.09666666666666666,0,0,005879ee07c9c02de9d8c47215600f1d36afa41b
2,0.49666666666666665,0,0,00a162c4d42a0f7813058d2ae5c3208b4f7a3157
3,0.13333333333333333,0,0,0357b01c12eb6b84b5038bbf465fd3b9d4921a29
4,0.30666666666666664,0,0,081b652ce471c6c8c3de11edfc9deb47c48b2182
5,0.17333333333333334,0,0,08af981ffc104d7cb836c1b674e1d73724eeaf88
6,0.4533333333333333,0,0,09ccc2f9315eb0441d5f7793326614cc25814089
7,0.41333333333333333,0,0,0c9b8205db18c6407f3e95d9a9c29236bc0ba0b4
8,0.1,0,0,0cd8f34eed28a2c1a77d56fe4b0e00816ef48780
9,0.3566666666666667,0,1,0d5fb06b39e8244429be72f05e2066d24572dc2e
10,0.11666666666666667,0,0,0db1e4ed2a8ecb3dc856c744e2451a10a37678d1
11,0.16333333333333333,0,0,0efac0cac29db96b7903a83d23551dd05d421cfb
12,0.29333333333333333,0,1,10593c2eaf4eff4edb13b70f023acbbf743f129f
13,0.07333333333333333,0,0,1428956919ffdaf75297fd225452abb9649e6c32
14,0.6766666666666666,1,0,142c55e82a4d36af887439a94054617a5a0ede9c
15,0.35,0,0,15a144558388e9a620c8e6751d8b067daee29c3f
16,0.023333333333333334,0,0,16a262d4b9b6de078b79756c0c325ca73a8ae47a
17,0.10666666666666667,0,0,1761fce9ea94243abae0c1287312ca7ae3dd3f86
18,0.03,0,0,17642b2e1ae6ba6284ee01b9b99edd7ad447fb90
19,0.41333333333333333,0,0,17c5f92b6ab552f1ac21f8ce332053e35d1de919
20,0.5433333333333333,1,0,18b4df178b7d708848cad9de7f9073f8fa7f20f9
21,0.11666666666666667,0,0,18daa72f9faeee9f322a298546f01aa68ddb03b7
22,0.43,0,0,1901719542fed0e30cb27efce8935f0257090a7d
23,0.2966666666666667,0,0,193d6997276d3efcfaf99e5fcca1354c8c8c4670
24,0.20333333333333334,0,0,1abe88c44a7e86e80f56f25dfd71f6df44f25289
25,0.13333333333333333,0,0,1c389d0bd8e9c9f21f760f9b8f5b79baffd38d39
26,0.5033333333333333,1,1,1cfc526f50686286e64ac07566f715e981916d3c
27,0.5133333333333333,1,1,1d9a0a620d78ab54f7a3da61b803a97cdbdd01f2
28,0.5333333333333333,1,1,1dd09a955bc04388bd5f14807f883db3c5ac60b9
29,0.32,0,1,1eb3bc803e87119a808e123a2edc7a0341e70480
30,0.18333333333333332,0,0,1f644d210557b1254f7c7b39424b09a45329ade7
31,0.22,0,0,20b349337eccaa7e1f49742a70f90488af7993fa
32,0.11333333333333333,0,0,20ea05f5d230d1bf9e70c9cc79a1089c2e4595df
33,0.5566666666666666,1,0,220b3f265681891c2dfd7cc1d2548457a5a44ad2
34,0.59,1,1,262b285a04b00033c84f817b3f1c105afcf914cb
35,0.08666666666666667,0,0,26883600c9b999b39241c192eaf7d87fa2dc1d86
36,0.056666666666666664,0,0,26b97b5515c81ae104c714a217dc3fdf3f7c37cf
37,0.22666666666666666,0,0,277c07b605d606a6787935d86cf6a749ed92aec0
38,0.1,0,0,2bec15e185e844dff757e09fa72a3b61d91e5f96
39,0.5333333333333333,1,0,2d9e479eb3d5dd3d957fdbccf6d7fd3f5d82ad34
40,0.10333333333333333,0,0,2f983793574de07269c4a79852d75a9059465ee0
41,0.07666666666666666,0,0,2fa2cd2254a4044aaa584c4fcf5d6c3e1ec60d1f
42,0.06666666666666667,0,0,30dead1425321e76b42e06849ac95c50c662b9f1
43,0.07666666666666666,0,0,32af3c94bd62c46713a44bf75f2e4989f8b98bc4
44,0.19,0,0,3313cffde85a9f02d56f57b401c2aec5b91d6df8
45,0.09,0,0,332741760ed53cc405377c50f457ff074a4bb94f
46,0.13,0,0,33496c15ec08cfa3c317e1fc88404266ac8e9d1f
47,0.5966666666666667,1,1,34d3e21a408c96632ec94742ad0e30796b0b4968
48,0.016666666666666666,0,0,37627645e47d35643454a84ae4a8c682ee0b18eb
49,0.33666666666666667,0,1,37bfdd3b38b2d2c2f088f67e7bcc2f26c6e01c1c
50,0.07,0,0,37c618da7c565b13cf6779f40c41ce895ff0459f
51,0.3933333333333333,0,0,37d42caeab3a9e040291afecb5238b28028f566e
52,0.006666666666666667,0,0,37fc2b00c0a8dd67221d83697609913aa78d89c7
53,0.12666666666666668,0,0,3905a9902606871bbe92fe7c48480db3349ea316
54,0.23,0,0,3dc539bcb0d9031f81076ac2e1870918400150ed
55,0.023333333333333334,0,0,3f1dd84a10dab8754633a3d58d295d726619e6bc
56,0.24666666666666667,0,1,3f54b6c053cfa464ad6d9e8883563d29dd6dfa1f
57,0.2633333333333333,0,1,4363af6cc81e4bc63fb39fae7b059ca3defaabe0
58,0.37333333333333335,0,0,45a1a564c05b04330a7a58110508bc824bebd50d
59,0.15,0,0,45f0502b525de72ff98b118cfbbb9627c7caf165
60,0.39,0,0,4ea757b8804eb55f8c49f6fcf0c1def7d7390fd8
61,0.59,1,0,4f824cf4fb9b824a6cd2d037f52717ec8bc307b8
62,0.45666666666666667,0,0,5019749dc8d967c62591dc2776a004d887d10619
63,0.03333333333333333,0,0,5235106e95681a2942a083aff7c00d385bd10489
64,0.12666666666666668,0,0,52eca4d8a776f9f3bd90b8d96666f9b5bceb6564
65,0.5666666666666667,1,1,5581cb3492688eecdd1d9a1a9568933450d2dc18
66,0.45666666666666667,0,0,5586fc3973367bc2f702441bf368a6fc2b785670
67,0.31666666666666665,0,1,5654992881ffef83c3c6c775e956f40ae80a2a5a
68,0.20666666666666667,0,1,56b4d81e1a2b1b0d30de87a16f6e96b205dbdd45
69,0.15,0,0,5860420fa62f738859348cdeff64c032be26db85
70,0.45666666666666667,0,1,586e752e69ca891714f390bf59ad30d5081d4498
71,0.06,0,0,5ab7378357312a8f326bf82cf2b6076d14b53d6b
72,0.18,0,0,5e6fb33b22c868e8ce2638198c27f3e3a099318a
73,0.3566666666666667,0,1,5ea7db9b7195132df4d8efea0a8e41e4f994b23c
74,0.16333333333333333,0,0,5fcf6ccd952f74d77f6735831c778d33dfcd6136
75,0.23666666666666666,0,1,60c7607a91547efdd076d454d3a699bce2a0aab2
76,0.18666666666666668,0,0,61a7b584238327d346bd4da642f3f8cb4d1dbf9c
77,0.3233333333333333,0,0,627d9e99481db537fe71639dd38daf205a9e0728
78,0.09666666666666666,0,0,64a9dd5c509366aeb763b964094579c93ef0e091
79,0.07,0,0,65d9f80b5bfe9e94323f31f2d109670798774466
80,0.17333333333333334,0,0,67078ab9329b8f3d844b033b4d64cf2bdcf6bab7
81,0.3,0,0,6749f31604d9787d48b2bc1a02b5b5e5f23eefa8
82,0.08666666666666667,0,0,68288b9cd26f35d66e4899ee99dca6f33384fdb4
83,0.5666666666666667,1,1,688c515b9d662486395d36c303ca599376a1dc0d
84,0.06333333333333334,0,0,6a4fc92ceec29255faec7e6bb20ccbb562be1b2b
85,0.04,0,0,6c3fd5ada0fb286af173ac65f20bf36049b0372f
86,0.14666666666666667,0,0,71c98ae8876b66964623713c2b3bc686ad1dca35
87,0.5,0,1,71d9f1170a5fe087de5a957e46d8c9e0fe9fb574
88,0.36666666666666664,0,0,71fabdc8dc69d418fa987bef03e1c70ea389f80a
89,0.24666666666666667,0,0,72428434f7eda8ebccaf8da3949eaa4c3259e624
90,0.52,1,0,732bcdb9502aca5c6b38966bd1e53c79236300da
91,0.3933333333333333,0,0,73c6d161855cf6e0b7f7cb6081891ca475efebb4
92,0.043333333333333335,0,0,74f0b74b55c97dda1ffd84a6fcab3f7c6478b50f
93,0.49,0,1,7523489e856e637dc6af23638568f4700980360f
94,0.5966666666666667,1,1,762cc5d830d0eb46a59673ce13a94435035af5dc
95,0.2733333333333333,0,0,76ca8c184bed7aa706ac6ef1010c3f4ebf08f7f0
96,0.16,0,0,772f873259426e994f464983c91d8b9a28b9f43e
97,0.2866666666666667,0,1,77cacf98adfbc1a890c3928065c16ca6df1b1827
98,0.13333333333333333,0,0,7b00b98bf9cd081769e690a1e9cbf01c555c475c
99,0.18333333333333332,0,0,7d00b664a4d74333f7cd9736ce6bb613ccddc814
100,0.31666666666666665,0,0,7e26d1354af23668591d9df39ab61e67eeb37528
101,0.56,1,0,7f0051d4736ae1b464efb6c1edcadbab688bb496
102,0.2633333333333333,0,0,7fc1721d7d5290a6af278f9b6844cd3b96b7c7c3
103,0.48333333333333334,0,0,804c936667151cdea9b499dd768adcfd7ae20c1f
104,0.5533333333333333,1,0,82042ac2766b892d561836cd312656940522734a
105,0.38,0,0,82afe7ad5eac668aaefc79e16bbf2226eddde97d
106,0.6,1,1,830ac0f0654dc989ff27ae9314bd6af4902daf9b
107,0.23666666666666666,0,1,830f27ba342ca0881e3677ac11c3d818962cba3e
108,0.21,0,0,83225883eb27ad520b7fb942c129cae5cae17362
109,0.10333333333333333,0,0,83cc9b40c54ed36b49af902aa8e9f659836c22b1
110,0.07333333333333333,0,0,844a228c3c42dac802a82510eb17fcfaccb0e1f8
111,0.4533333333333333,0,0,84ac4d84ab518a6a03b169b54326b6fec234cc87
112,0.4166666666666667,0,0,88148584f213cc6a510b1f2d54d6b6dffe74c452
113,0.15666666666666668,0,0,89da6b4111f960c67a642901837b1e6df24e6160
114,0.5566666666666666,1,0,8bc02a7fbeaf2e0c8bccbaad52f41d026c1bbf40
115,0.3,0,0,8be1c68f809b55088c1ad00ef86cb13b0103aab0
116,0.12666666666666668,0,0,8d43c3fba1a5e07703cae6f7b631d0787c4f41bb
117,0.26666666666666666,0,0,8d46288e9cfb10745adfb06a510ed93433a7a9c5
118,0.14,0,0,8d4af6b906e70437fa77e7cdc5b0e2fcd216c17d
119,0.4666666666666667,0,0,8fba518295c82be328d3c96eef16652734ec66bd
120,0.18,0,1,92b25faf91c6a8b6df221d40cc6a52c2cab35665
121,0.10333333333333333,0,0,9471282626e004296351a4a97fb51209a53e7f42
122,0.12333333333333334,0,0,98f753d4c5e8bdf31716a7452f89930a51b3edf5
123,0.6733333333333333,1,0,9adba6727bbec051c1437ee95367ecb97b207f35
124,0.16333333333333333,0,0,9bee869cf4ec8c3b95a763f02945d98205f32d46
125,0.3333333333333333,0,0,9c7f5c9c64690b68377ad860c805f90a17237b65
126,0.11,0,0,9e80fd45a0072e15e9d49299a6fa9e9c725e2207
127,0.10333333333333333,0,0,9eb797b09916574c2a4e0f5f9ea61fe120879075
128,0.13666666666666666,0,0,9ec9fdce626d5e2937c6e0664621ad590f958e13
129,0.056666666666666664,0,1,a4b5502904b72f3503d70104c1d1296cf6f7d30e
130,0.57,1,0,a5a88c7ed30deea47a4e1f63bb29523bc0af36d0
131,0.4633333333333333,0,0,a7d47c4ecea903f0706ac313abef888507ce0522
132,0.02,0,0,aacea29de0c7cd2af25c0ca6da797ebd73719051
133,0.09333333333333334,0,0,abba5574ca219ea3180edfa018ef36d98015394a
134,0.15666666666666668,0,0,adb8ba7bff2bc4e2657cf84e9f061433ff947a73
135,0.5033333333333333,1,1,ae6b7642e8d32ef5fa75cdcfe55be23c052fd547
136,0.20333333333333334,0,0,afd82e509b9f661afd04acd370cca1903f7d9eed
137,0.36,0,0,b27a6cb39968ebd7a1d55322779dc862682d1364
138,0.7233333333333334,1,0,b362daeff5d3156978de546beaa5e85c83238a7c
139,0.4066666666666667,0,0,b6b9ca1136de4b1dbb01b059d8e954dbaf0508cb
140,0.5233333333333333,1,0,ba242d91c54b36628e03332a91adfef40e32ac32
141,0.52,1,1,bad23ceff8257d955e4247423e3d3ce95dd19743
142,0.06,0,0,bd32abf9bc9d628f6fed510c223689de9aa8b76d
143,0.52,1,0,bf882fbc4aa68cf0191bce70e622d81969617c02
144,0.38,0,0,c07ed15415c0ec3c5862f437f440632eff1e94df
145,0.3333333333333333,0,1,c0872500481007b318844bbb1d1b7dcd4cd54601
146,0.19333333333333333,0,0,c128dbc74a1a2d5633bfcca1354cc22eba2e51ab
147,0.05333333333333334,0,0,c37e034790bd5ce0f7a6a8274ac9dbcc56913a69
148,0.16666666666666666,0,0,c3cb44d688bf3225ef7bddf7b2d259f9da24d308
149,0.35333333333333333,0,0,c3ebafa79540c891288b4dbda8f44716e98ae9be
150,0.56,1,1,c571ebb89bed12f7fde47d1c45d04b1a13382af0
151,0.38333333333333336,0,0,c729ba8c0aa4d283e84d139bc98e0e89fd933c4a
152,0.4166666666666667,0,0,c83bce1ce69bf704fbbe6ce944094c14e79996d2
153,0.3233333333333333,0,0,c9af27c2302dda74e702c1cdc50a521fe0b32431
154,0.02,0,0,c9d6c65dc5e820e581b6c0582053b4cd0369553b
155,0.25666666666666665,0,0,c9f15e3a51658c6b406521d87a95e94f25edf977
156,0.5533333333333333,1,0,cb448db52cb90c079bdb2ad415776e9e28fa790f
157,0.25,0,0,cea9e39dd70e6b5c5f0e5aac5e9b7fc477ab990c
158,0.7666666666666667,1,1,cef7dd6a8fcd1e4ab148dd228129e267b1e82232
159,0.36,0,0,d14ac4bf38f23e429572f210f7b0560493968b15
160,0.6966666666666667,1,1,d2a5c0f982e8e4f9fbdce17b90925b8d8df56c75
161,0.06333333333333334,0,0,d2e7bb04317f62643ab2005b601da2265c502c93
162,0.44333333333333336,0,0,d335457f48d09c3d780c92413fe777030c1335e2
163,0.3333333333333333,0,0,d43666bce77bdc67146c23663b8a21746d7d41ce
164,0.69,1,0,d4c3047ba4d46b3b6fe56940832e6e1142c2e441
165,0.43666666666666665,0,0,d5a70de4793a1e44056c55121505edc63fd36969
166,0.28,0,0,d5e8f1af673dcf9e0bb543dcd9e4910c2bdd2384
167,0.08333333333333333,0,0,d64f61f976a0243f48effd97d1e5e2e0bc20040b
168,0.34,0,0,d7f1221684ea3c958f0a382764074adb5ee6cbcf
169,0.4266666666666667,0,0,d8e4c91ebf589583ac79291de7a5e2c3f033962b
170,0.43666666666666665,0,1,d8eeea1bae6f0992f05b5438fd65d411703ce0f6
171,0.12666666666666668,0,0,d9671f7c73faf7a829a99d0d7dc16cc067313b77
172,0.32,0,0,dac602738e17691266673147eaaa780272d67367
173,0.18,0,0,db592705d996ddc0e353c13d0e1e0e62262f8df9
174,0.71,1,1,dbacb52f420364cb85500a9c132207670afef4b5
175,0.52,1,0,dbf0b22abb5a55e3bab5eb335eb47cd843a7a43d
176,0.38,0,1,dc2a196642e4f06da172426e3612aae169b18ee5
177,0.23333333333333334,0,0,dcad314fb9713104f0029311c43907e362ec6d49
178,0.62,1,0,dce64683291ba2cdb5e6617e01ccc2909254acb4
179,0.11333333333333333,0,1,de15e0b9c51cf9124de41258c1e3d774de215213
180,0.24333333333333335,0,0,e05566de71f39acad3566fc31ba1053d84130c03
181,0.4,0,0,e1a743a7eab1aaa8686873fc94249cefebd90e7c
182,0.55,1,1,e1df9606c1cb54db6f9e91fb59f0f6c7636b334c
183,0.056666666666666664,0,1,e1f04d8ef1d7dec03d71fb6e9ad13f759e1082a0
184,0.30333333333333334,0,0,e2a58aa47dc94fecf314d7b7c786d8feccfc0946
185,0.23666666666666666,0,1,e653a0032d21729ebd4ec4edd0045cad0f0ab430
186,0.16666666666666666,0,0,e6ea310751b58be0ad1d06d8acffc2b8fff8e5a3
187,0.04,0,0,e85156e20b664ccf9e6d0ac7e1006a80555f8922
188,0.14,0,0,e88218ee0f4b04c86ed6f611d4566e38427f3075
189,0.4666666666666667,0,0,ea7858176b00ab99c22b506a2658e8199cbec8cf
190,0.38,0,0,eaef552a1f0c4161d8b303aa4a0090ece9ab9a4e
191,0.38333333333333336,0,0,eb4aaa97bd1e1c7e541a0ad109fb23dfee0f9c9d
192,0.58,1,1,eb87f1fae8f13c7ab09c9fec56bbfa1fdfdf17fc
193,0.03333333333333333,0,1,ed16167425c5a2a610ce503c3084bb3b2a03ae63
194,0.63,1,1,ed263e68e2236f5136df01373c4d66a433769e5f
195,0.07666666666666666,0,0,ee50436938eb8122185b08681803d07f16dcd3c1
196,0.36,0,0,eec5c1afa15ae80fa9403fb6bc3271e902afb070
197,0.5933333333333334,1,1,f0d5dee0d3aed14d9c49df073a220c19e695461c
198,0.51,1,0,f164a60f15ea042b04b250ffc2001beda4f3e4bc
199,0.7133333333333334,1,1,f23a8a74b0c5d540d9b96678d53ef8c557630876
200,0.4533333333333333,0,0,f25681ba5509c7037ea5831f9be09eaeb3aaf889
201,0.7266666666666667,1,0,f43eb49f56accab87e4d1b6defcf78d1e697f9e6
202,0.49333333333333335,0,0,f572a5eb93bff8b57b8a8a4aa92df86750c0843a
203,0.33666666666666667,0,0,f5cc4f4a7a08a5447ee6120fd9a19e53db181dae
204,0.5166666666666667,1,0,f7358a0d130c02af07cffa795c4fc756b21eca1e
205,0.45,0,0,f74339c3ced728b0857acc68175a3d22cbd7fc06
206,0.1,0,0,f78b0f9b054ef4af992613c718df65e4aeb8ebea
207,0.12333333333333334,0,1,f791565c5bff7b08bc10af538e54d0505457ef41
208,0.5233333333333333,1,0,f8de8c4450ab0d8483ccfcfcca48e21fea71c637
209,0.32666666666666666,0,0,faa938c1650d892b945795112eb2850212b28ccb
210,0.3433333333333333,0,0,ff753cd608973f5d72a80aef0f9fb8a646fccc3f
211,0.7033333333333334,1,0,ff7623f3c9e34a30ebff213fe19c775b1848eb2a
